T[K]  CH4 fit  CH4 Shomate  dev%   |  N2 fit  N2 Shomate  dev%
  298.15    35.606    35.648   -0.12   |   29.124   29.124    0.00
  400.00    40.497    40.501   -0.01   |   29.250   29.250   -0.00
  500.00    46.349    46.352   -0.01   |   29.575   29.581   -0.02
  600.00    52.235    52.227    0.02   |   30.105   30.104    0.00
  700.00    57.785    57.791   -0.01   |   30.759   30.760   -0.00
  800.00    62.929    62.927    0.00   |   31.439   31.438    0.00
  900.00    67.574    67.596   -0.03   |   32.091   32.089    0.01
  950.00    69.593    69.753   -0.23   |   32.419   32.397    0.07
 1000.00    71.275    71.794   -0.72   |   32.773   32.692    0.25
 1073.15    72.773    74.574   -2.42   |   33.418   33.096    0.97
 1100.00    72.910    75.535   -3.48   |   33.721   33.237    1.46
 1143.15    72.489    77.013   -5.87   |   34.320   33.453    2.59
 1200.00    70.355    78.841  -10.76   |   35.408   33.722    5.00
 1300.00    60.157    81.738  -26.40   |   38.617   34.149   13.08

T[K]  C2H6 fit  Gurvich  dev%
  400.00     65.72    65.46    0.40
  500.00     77.85    77.94   -0.12
  600.00     88.93    89.19   -0.30
  700.00     98.86    99.14   -0.28
  800.00    107.74   107.94   -0.19
  900.00    115.62   115.71   -0.08
 1000.00    122.31   122.55   -0.19
 1100.00    127.17   128.55   -1.07
 1200.00    128.86   133.80   -3.69
 1300.00    125.17   138.39   -9.55
  298.15     52.81    52.49    0.61
