== stress100 ladder 0: 4000 intervals in 4.9 s
   t[s]     measure     state       component   energy      flow(quiet) relFlowChg  drift
       5  -1.000e+00  -1.000e+00  -1.000e+00  -1.000e+00  -1.000e+00  -1.000e+00   4.199e-04
      10   7.854e-03   2.921e-04   4.060e-04   3.985e-04   7.854e-03   8.381e-02   1.384e-05
      15   7.369e-03   9.770e-06   1.280e-05   1.256e-05   7.369e-03   1.005e-02   1.232e-06
      20   9.721e-04   8.671e-07   1.235e-06   1.212e-06   9.721e-04   9.721e-04   4.398e-07
      25   7.352e-06   2.406e-08   9.799e-09   9.777e-09   7.352e-06   7.352e-06   4.479e-07
      30   1.384e-07   2.373e-08   7.873e-10   1.178e-09   1.384e-07   1.384e-07   4.467e-07
      35   1.966e-07   2.366e-08   8.585e-10   1.248e-09   1.966e-07   1.966e-07   4.454e-07
      40   1.968e-07   2.360e-08   8.590e-10   1.248e-09   1.968e-07   1.968e-07   4.442e-07
     500   1.852e-07   2.068e-08   7.595e-10   1.104e-09   1.852e-07   1.852e-07   3.901e-07
    1000   1.808e-07   1.890e-08   5.900e-10   8.573e-10   1.808e-07   1.808e-07   3.563e-07
    1500   1.788e-07   1.776e-08   4.299e-10   6.247e-10   1.788e-07   1.788e-07   3.353e-07
    2000   1.758e-07   1.753e-08   3.632e-10   5.278e-10   1.758e-07   1.758e-07   3.310e-07
    2500   1.707e-07   1.716e-08   3.279e-10   4.765e-10   1.707e-07   1.707e-07   3.240e-07
    3000   1.628e-07   1.647e-08   2.789e-10   4.052e-10   1.628e-07   1.628e-07   3.107e-07
    3500   1.526e-07   1.548e-08   2.446e-10   3.555e-10   1.526e-07   1.526e-07   2.919e-07
    4000   1.405e-07   1.426e-08   2.319e-10   3.369e-10   1.405e-07   1.405e-07   2.689e-07
    4500   1.271e-07   1.290e-08   2.098e-10   3.049e-10   1.271e-07   1.271e-07   2.432e-07
    5000   1.133e-07   1.147e-08   1.862e-10   2.705e-10   1.133e-07   1.133e-07   2.162e-07
    5500   9.946e-08   1.005e-08   1.818e-10   2.641e-10   9.946e-08   9.946e-08   1.894e-07
    6000   8.619e-08   8.686e-09   1.715e-10   2.493e-10   8.619e-08   8.619e-08   1.637e-07
    6500   7.379e-08   7.416e-09   1.576e-10   2.289e-10   7.379e-08   7.379e-08   1.398e-07
    7000   6.247e-08   6.264e-09   1.415e-10   2.056e-10   6.247e-08   6.247e-08   1.180e-07
    7500   5.237e-08   5.239e-09   1.247e-10   1.811e-10   5.237e-08   5.237e-08   9.871e-08
    8000   4.350e-08   4.343e-09   1.081e-10   1.570e-10   4.350e-08   4.350e-08   8.182e-08
    8500   3.583e-08   3.572e-09   9.240e-11   1.343e-10   3.583e-08   3.583e-08   6.728e-08
    9000   2.929e-08   2.916e-09   7.805e-11   1.134e-10   2.929e-08   2.929e-08   5.492e-08
    9500   2.378e-08   2.365e-09   6.524e-11   9.479e-11   2.378e-08   2.378e-08   4.454e-08
   10000   1.918e-08   1.907e-09   5.400e-11   7.847e-11   1.918e-08   1.918e-08   3.591e-08
   10500   1.539e-08   1.529e-09   4.435e-11   6.444e-11   1.539e-08   1.539e-08   2.879e-08
   11000   1.228e-08   1.219e-09   3.613e-11   5.250e-11   1.228e-08   1.228e-08   2.296e-08
   11500   9.745e-09   9.683e-10   2.925e-11   4.250e-11   9.745e-09   9.745e-09   1.823e-08
   12000   7.701e-09   7.656e-10   2.354e-11   3.420e-11   7.701e-09   7.701e-09   1.442e-08
   12500   6.061e-09   6.030e-10   1.883e-11   2.736e-11   6.061e-09   6.061e-09   1.135e-08
   13000   4.752e-09   4.732e-10   1.499e-11   2.178e-11   4.752e-09   4.752e-09   8.909e-09
   13500   3.713e-09   3.701e-10   1.188e-11   1.726e-11   3.713e-09   3.713e-09   6.968e-09
   14000   2.892e-09   2.885e-10   9.377e-12   1.362e-11   2.892e-09   2.892e-09   5.433e-09
   14500   2.244e-09   2.243e-10   7.365e-12   1.070e-11   2.244e-09   2.244e-09   4.224e-09
   15000   1.738e-09   1.739e-10   5.773e-12   8.388e-12   1.738e-09   1.738e-09   3.275e-09
   15500   1.342e-09   1.345e-10   4.499e-12   6.539e-12   1.342e-09   1.342e-09   2.533e-09
   16000   3.972e-08   1.470e-10   3.482e-10   3.423e-10   3.972e-08   3.972e-08   1.962e-09
   16500   1.913e-07   1.270e-10   1.755e-09   1.723e-09   1.913e-07   1.913e-07   1.563e-09
   17000   6.021e-08   8.998e-11   5.488e-10   5.385e-10   6.021e-08   6.021e-08   1.248e-09
   17500   1.257e-07   9.410e-11   1.121e-09   1.100e-09   1.257e-07   1.257e-07   8.480e-10
   18000   1.661e-07   7.220e-11   1.412e-09   1.385e-09   1.661e-07   1.661e-07   1.039e-09
   18500   1.149e-07   5.436e-11   1.508e-09   1.480e-09   1.149e-07   1.149e-07   5.054e-10
   19000   2.713e-08   8.435e-11   4.147e-10   4.070e-10   2.713e-08   2.713e-08   3.805e-10
   19500   8.460e-08   4.785e-11   1.176e-09   1.154e-09   8.460e-08   8.460e-08   7.571e-10
   20000   8.995e-08   2.467e-11   1.279e-09   1.255e-09   8.995e-08   8.995e-08   6.335e-10
   eps 1e-06: first stationary pair at 30 s, 3995 of 3999 pairs stationary
   eps 1e-07: first stationary pair at 5485 s, 2493 of 3999 pairs stationary
   eps 1e-08: first stationary pair at 11445 s, 1018 of 3999 pairs stationary
   eps 1e-09: first stationary pair at 17010 s, 148 of 3999 pairs stationary
== stress100 ladder 7: 4000 intervals in 5.8 s
   t[s]     measure     state       component   energy      flow(quiet) relFlowChg  drift
       5  -1.000e+00  -1.000e+00  -1.000e+00  -1.000e+00  -1.000e+00  -1.000e+00   2.943e-04
      10   7.165e-03   2.048e-04   2.756e-04   2.705e-04   7.165e-03   1.020e-01   2.065e-05
      15   7.011e-03   1.446e-05   1.577e-05   1.548e-05   7.011e-03   1.892e-02   4.876e-06
      20   4.851e-03   3.484e-06   4.008e-06   3.934e-06   4.851e-03   4.851e-03   9.068e-07
      25   9.734e-04   6.965e-07   8.032e-07   7.883e-07   9.734e-04   9.734e-04   2.609e-07
      30   1.917e-04   1.373e-07   1.581e-07   1.552e-07   1.917e-04   1.917e-04   2.637e-07
      35   3.791e-05   2.702e-08   3.131e-08   3.075e-08   3.791e-05   3.791e-05   2.746e-07
      40   7.526e-06   1.481e-08   6.810e-09   7.516e-09   7.526e-06   7.526e-06   2.753e-07
     500   7.651e-08   1.131e-08   6.944e-10   1.009e-09   7.651e-08   7.651e-08   2.134e-07
    1000   8.646e-08   1.101e-08   3.505e-10   5.094e-10   8.646e-08   8.646e-08   2.078e-07
    1500   9.199e-08   1.081e-08   1.770e-10   2.572e-10   9.199e-08   9.199e-08   2.040e-07
    2000   9.543e-08   1.066e-08   1.349e-10   1.960e-10   9.543e-08   9.543e-08   2.013e-07
    2500   9.780e-08   1.064e-08   1.282e-10   1.863e-10   9.780e-08   9.780e-08   2.008e-07
    3000   9.947e-08   1.058e-08   1.175e-10   1.708e-10   9.947e-08   9.947e-08   1.997e-07
    3500   1.005e-07   1.049e-08   1.051e-10   1.526e-10   1.005e-07   1.005e-07   1.980e-07
    4000   1.009e-07   1.037e-08   1.017e-10   1.477e-10   1.009e-07   1.009e-07   1.958e-07
    4500   1.005e-07   1.022e-08   9.807e-11   1.425e-10   1.005e-07   1.005e-07   1.928e-07
    5000   9.933e-08   1.002e-08   9.202e-11   1.337e-10   9.933e-08   9.933e-08   1.891e-07
    5500   9.743e-08   9.777e-09   8.973e-11   1.304e-10   9.743e-08   9.743e-08   1.845e-07
    6000   9.480e-08   9.487e-09   8.679e-11   1.261e-10   9.480e-08   9.480e-08   1.790e-07
    6500   9.153e-08   9.148e-09   8.204e-11   1.192e-10   9.153e-08   9.153e-08   1.726e-07
    7000   8.770e-08   8.763e-09   8.081e-11   1.174e-10   8.770e-08   8.770e-08   1.653e-07
    7500   8.341e-08   8.336e-09   7.839e-11   1.139e-10   8.341e-08   8.341e-08   1.573e-07
    8000   7.876e-08   7.875e-09   7.485e-11   1.088e-10   7.876e-08   7.876e-08   1.486e-07
    8500   7.384e-08   7.385e-09   7.408e-11   1.076e-10   7.384e-08   7.384e-08   1.393e-07
    9000   6.876e-08   6.875e-09   7.202e-11   1.046e-10   6.876e-08   6.876e-08   1.297e-07
    9500   6.361e-08   6.355e-09   6.891e-11   1.001e-10   6.361e-08   6.361e-08   1.199e-07
   10000   5.846e-08   5.832e-09   6.767e-11   9.832e-11   5.846e-08   5.846e-08   1.100e-07
   10500   5.339e-08   5.316e-09   6.642e-11   9.652e-11   5.339e-08   5.339e-08   1.002e-07
   11000   4.845e-08   4.812e-09   6.432e-11   9.347e-11   4.845e-08   4.845e-08   9.073e-08
   11500   4.371e-08   4.327e-09   6.149e-11   8.935e-11   4.371e-08   4.371e-08   8.159e-08
   12000   3.920e-08   3.866e-09   5.811e-11   8.444e-11   3.920e-08   3.920e-08   7.289e-08
   12500   3.496e-08   3.433e-09   5.431e-11   7.891e-11   3.496e-08   3.496e-08   6.472e-08
   13000   3.100e-08   3.030e-09   5.024e-11   7.300e-11   3.100e-08   3.100e-08   5.713e-08
   13500   2.734e-08   2.660e-09   4.603e-11   6.689e-11   2.734e-08   2.734e-08   5.013e-08
   14000   2.399e-08   2.321e-09   4.180e-11   6.074e-11   2.399e-08   2.399e-08   4.376e-08
   14500   2.094e-08   2.015e-09   3.765e-11   5.471e-11   2.094e-08   2.094e-08   3.799e-08
   15000   1.818e-08   1.741e-09   3.365e-11   4.890e-11   1.818e-08   1.818e-08   3.281e-08
   15500   1.572e-08   1.497e-09   2.984e-11   4.337e-11   1.572e-08   1.572e-08   2.820e-08
   16000   1.352e-08   1.280e-09   2.630e-11   3.821e-11   1.352e-08   1.352e-08   2.413e-08
   16500   1.158e-08   1.091e-09   2.302e-11   3.345e-11   1.158e-08   1.158e-08   2.055e-08
   17000   9.879e-09   9.250e-10   2.003e-11   2.911e-11   9.879e-09   9.879e-09   1.743e-08
   17500   8.392e-09   7.813e-10   1.732e-11   2.516e-11   8.392e-09   8.392e-09   1.472e-08
   18000   7.099e-09   6.574e-10   1.491e-11   2.166e-11   7.099e-09   7.099e-09   1.239e-08
   18500   5.980e-09   5.510e-10   1.275e-11   1.853e-11   5.980e-09   5.980e-09   1.038e-08
   19000   5.022e-09   4.602e-10   1.087e-11   1.579e-11   5.022e-09   5.022e-09   8.670e-09
   19500   4.201e-09   3.830e-10   9.209e-12   1.338e-11   4.201e-09   4.201e-09   7.215e-09
   20000   3.502e-09   3.177e-10   7.775e-12   1.130e-11   3.502e-09   3.502e-09   5.985e-09
   eps 1e-06: first stationary pair at 50 s, 3991 of 3999 pairs stationary
   eps 1e-07: first stationary pair at 175 s, 3659 of 3999 pairs stationary
   eps 1e-08: first stationary pair at 16965 s, 608 of 3999 pairs stationary
   eps 1e-09: first stationary pair at never s, 0 of 3999 pairs stationary
== stress100 ladder 46: 4000 intervals in 5.9 s
   t[s]     measure     state       component   energy      flow(quiet) relFlowChg  drift
       5  -1.000e+00  -1.000e+00  -1.000e+00  -1.000e+00  -1.000e+00  -1.000e+00   2.975e-04
      10   6.634e-03   2.070e-04   2.721e-04   2.670e-04   6.634e-03   1.152e-01   2.907e-05
      15   6.538e-03   2.030e-05   1.959e-05   1.923e-05   6.538e-03   3.120e-02   9.476e-06
      20   6.340e-03   6.664e-06   6.445e-06   6.325e-06   6.340e-03   1.050e-02   3.042e-06
      25   3.464e-03   2.180e-06   2.120e-06   2.080e-06   3.464e-03   3.464e-03   9.328e-07
      30   1.150e-03   7.055e-07   7.027e-07   6.897e-07   1.150e-03   1.150e-03   2.828e-07
      35   3.529e-04   2.164e-07   2.157e-07   2.117e-07   3.529e-04   3.529e-04   9.962e-08
      40   1.082e-04   6.639e-08   6.615e-08   6.492e-08   1.082e-04   1.082e-04   1.545e-07
     500   6.495e-08   9.190e-09   2.708e-10   3.935e-10   6.495e-08   6.495e-08   1.734e-07
    1000   6.543e-08   8.835e-09   1.553e-10   2.257e-10   6.543e-08   6.543e-08   1.667e-07
    1500   6.613e-08   8.537e-09   1.404e-10   2.041e-10   6.613e-08   6.613e-08   1.611e-07
    2000   6.729e-08   8.289e-09   1.152e-10   1.674e-10   6.729e-08   6.729e-08   1.564e-07
    2500   6.881e-08   8.076e-09   1.050e-10   1.526e-10   6.881e-08   6.881e-08   1.524e-07
    3000   7.047e-08   7.981e-09   9.761e-11   1.418e-10   7.047e-08   7.047e-08   1.507e-07
    3500   7.210e-08   7.927e-09   8.948e-11   1.300e-10   7.210e-08   7.210e-08   1.496e-07
    4000   7.357e-08   7.893e-09   8.706e-11   1.265e-10   7.357e-08   7.357e-08   1.490e-07
    4500   7.482e-08   7.858e-09   8.205e-11   1.192e-10   7.482e-08   7.482e-08   1.483e-07
    5000   7.581e-08   7.793e-09   7.528e-11   1.094e-10   7.581e-08   7.581e-08   1.471e-07
    5500   7.652e-08   7.752e-09   7.143e-11   1.038e-10   7.652e-08   7.652e-08   1.463e-07
    6000   7.694e-08   7.711e-09   6.925e-11   1.006e-10   7.694e-08   7.694e-08   1.456e-07
    6500   7.706e-08   7.651e-09   6.548e-11   9.515e-11   7.706e-08   7.706e-08   1.444e-07
    7000   7.687e-08   7.588e-09   6.161e-11   8.953e-11   7.687e-08   7.687e-08   1.432e-07
    7500   7.637e-08   7.502e-09   6.060e-11   8.805e-11   7.637e-08   7.637e-08   1.416e-07
    8000   7.555e-08   7.390e-09   5.835e-11   8.478e-11   7.555e-08   7.555e-08   1.395e-07
    8500   7.439e-08   7.252e-09   5.517e-11   8.017e-11   7.439e-08   7.439e-08   1.369e-07
    9000   7.291e-08   7.085e-09   5.464e-11   7.939e-11   7.291e-08   7.291e-08   1.337e-07
    9500   7.110e-08   6.891e-09   5.314e-11   7.721e-11   7.110e-08   7.110e-08   1.300e-07
   10000   6.898e-08   6.670e-09   5.089e-11   7.394e-11   6.898e-08   6.898e-08   1.259e-07
   10500   6.658e-08   6.423e-09   5.020e-11   7.294e-11   6.658e-08   6.658e-08   1.212e-07
   11000   6.393e-08   6.153e-09   4.917e-11   7.144e-11   6.393e-08   6.393e-08   1.161e-07
   11500   6.104e-08   5.864e-09   4.750e-11   6.902e-11   6.104e-08   6.104e-08   1.106e-07
   12000   5.798e-08   5.558e-09   4.668e-11   6.783e-11   5.798e-08   5.798e-08   1.048e-07
   12500   5.477e-08   5.239e-09   4.596e-11   6.679e-11   5.477e-08   5.477e-08   9.884e-08
   13000   5.146e-08   4.913e-09   4.472e-11   6.498e-11   5.146e-08   5.146e-08   9.267e-08
   13500   4.810e-08   4.582e-09   4.301e-11   6.250e-11   4.810e-08   4.810e-08   8.643e-08
   14000   4.473e-08   4.252e-09   4.277e-11   6.215e-11   4.473e-08   4.473e-08   8.019e-08
   14500   4.138e-08   3.925e-09   4.207e-11   6.113e-11   4.138e-08   4.138e-08   7.402e-08
   15000   3.809e-08   3.605e-09   4.097e-11   5.953e-11   3.809e-08   3.809e-08   6.798e-08
   15500   3.489e-08   3.295e-09   3.951e-11   5.740e-11   3.489e-08   3.489e-08   6.214e-08
   16000   3.181e-08   2.997e-09   3.776e-11   5.487e-11   3.181e-08   3.181e-08   5.652e-08
   16500   2.886e-08   2.714e-09   3.580e-11   5.202e-11   2.886e-08   2.886e-08   5.117e-08
   17000   2.607e-08   2.446e-09   3.368e-11   4.893e-11   2.607e-08   2.607e-08   4.613e-08
   17500   2.345e-08   2.195e-09   3.145e-11   4.570e-11   2.345e-08   2.345e-08   4.139e-08
   18000   2.100e-08   1.962e-09   2.917e-11   4.238e-11   2.100e-08   2.100e-08   3.699e-08
   18500   1.874e-08   1.746e-09   2.686e-11   3.903e-11   1.874e-08   1.874e-08   3.292e-08
   19000   1.665e-08   1.548e-09   2.460e-11   3.574e-11   1.665e-08   1.665e-08   2.919e-08
   19500   1.473e-08   1.367e-09   2.239e-11   3.253e-11   1.473e-08   1.473e-08   2.578e-08
   20000   1.299e-08   1.203e-09   2.027e-11   2.945e-11   1.299e-08   1.299e-08   2.268e-08
   eps 1e-06: first stationary pair at 60 s, 3989 of 3999 pairs stationary
   eps 1e-07: first stationary pair at 70 s, 3987 of 3999 pairs stationary
   eps 1e-08: first stationary pair at never s, 0 of 3999 pairs stationary
   eps 1e-09: first stationary pair at never s, 0 of 3999 pairs stationary
== rest100 ladder 9: 1000 intervals in 1.7 s
   t[s]     measure     state       component   energy      flow(quiet) relFlowChg  drift
       5  -1.000e+00  -1.000e+00  -1.000e+00  -1.000e+00  -1.000e+00  -1.000e+00   4.528e-04
      10   1.316e-03   3.151e-04   4.528e-04   4.445e-04   1.316e-03   3.224e+05   1.124e-09
      15   4.082e-09   5.354e-10   2.121e-09   2.082e-09   4.082e-09   4.243e+00   1.164e-09
      20   2.025e-09   9.884e-11   2.025e-09   1.987e-09   1.672e-09   1.703e+00   9.443e-10
      25   1.672e-09   9.884e-11   1.004e-09   9.849e-10   1.672e-09   6.679e+00   8.511e-11
      30   6.396e-10   5.923e-11   2.734e-10   2.683e-10   6.396e-10   1.460e+00   1.883e-10
      35   8.196e-16   0.000e+00   8.196e-16   0.000e+00   0.000e+00   0.000e+00   1.883e-10
      40   6.720e-16   0.000e+00   6.720e-16   0.000e+00   0.000e+00   0.000e+00   1.883e-10
     250   2.417e-09   2.049e-11   1.682e-09   1.651e-09   2.417e-09   4.560e+00   5.243e-10
     500   1.444e-09   1.528e-10   1.444e-09   1.417e-09   1.136e-09   2.506e+00   8.306e-10
     750   8.345e-16   0.000e+00   8.345e-16   0.000e+00   0.000e+00   0.000e+00   4.686e-11
    1000   8.317e-16   0.000e+00   8.317e-16   0.000e+00   0.000e+00   0.000e+00   5.351e-11
    1250   6.202e-16   0.000e+00   6.202e-16   0.000e+00   0.000e+00   0.000e+00   5.668e-11
    1500   6.828e-16   0.000e+00   6.828e-16   0.000e+00   0.000e+00   0.000e+00   7.059e-11
    1750   1.839e-09   5.741e-11   1.041e-09   1.022e-09   1.839e-09   1.098e+00   9.583e-10
    2000   2.251e-09   7.695e-12   1.333e-09   1.308e-09   2.251e-09   1.253e+00   1.066e-09
    2250   8.536e-16   0.000e+00   8.536e-16   0.000e+00   0.000e+00   0.000e+00   1.304e-10
    2500   1.826e-09   3.793e-11   1.826e-09   1.792e-09   1.084e-09   2.026e+00   9.009e-10
    2750   1.848e-09   3.957e-13   1.848e-09   1.814e-09   1.406e-09   2.781e+00   6.644e-10
    3000   1.845e-10   2.418e-11   1.845e-10   1.811e-10   1.791e-10   1.232e+00   1.498e-10
    3250   8.699e-16   0.000e+00   8.699e-16   0.000e+00   0.000e+00   0.000e+00   1.490e-10
    3500   8.344e-16   0.000e+00   8.344e-16   0.000e+00   0.000e+00   0.000e+00   1.489e-10
    3750   9.835e-16   0.000e+00   9.835e-16   0.000e+00   0.000e+00   0.000e+00   5.972e-10
    4000   1.302e-09   2.564e-11   1.302e-09   1.278e-09   8.044e-10   2.058e+00   6.327e-10
    4250   7.828e-16   0.000e+00   7.828e-16   0.000e+00   0.000e+00   0.000e+00   1.404e-10
    4500   8.195e-16   0.000e+00   8.195e-16   0.000e+00   0.000e+00   0.000e+00   1.410e-10
    4750   1.154e-09   2.173e-11   1.102e-09   1.081e-09   1.154e-09   1.147e+00   9.600e-10
    5000   1.058e-09   2.048e-11   1.034e-09   1.015e-09   1.058e-09   1.172e+00   8.820e-10
   eps 1e-06: first stationary pair at 15 s, 998 of 999 pairs stationary
   eps 1e-07: first stationary pair at 15 s, 998 of 999 pairs stationary
   eps 1e-08: first stationary pair at 15 s, 998 of 999 pairs stationary
   eps 1e-09: first stationary pair at 30 s, 599 of 999 pairs stationary
== rest100 ladder 46: 1000 intervals in 1.6 s
   t[s]     measure     state       component   energy      flow(quiet) relFlowChg  drift
       5  -1.000e+00  -1.000e+00  -1.000e+00  -1.000e+00  -1.000e+00  -1.000e+00   4.223e-04
      10   1.181e-03   2.938e-04   4.223e-04   4.145e-04   1.181e-03   1.220e+06   1.015e-09
      15   1.015e-09   1.015e-09   5.001e-10   4.909e-10   9.681e-10   2.864e+00   1.564e-10
      20   3.999e-09   1.869e-10   1.093e-09   1.072e-09   3.999e-09   8.735e-01   1.249e-09
      25   3.999e-09   1.869e-10   1.926e-09   1.891e-09   3.999e-09   2.837e+00   6.773e-10
      30   2.176e-09   4.100e-11   5.353e-10   5.254e-10   2.176e-09   3.700e+00   1.421e-10
      35   3.330e-09   4.100e-11   1.232e-09   1.209e-09   3.330e-09   1.139e+00   1.121e-09
      40   3.330e-09   2.249e-11   2.065e-09   2.027e-09   3.330e-09   2.101e+00   9.752e-10
     250   3.729e-11   5.877e-13   1.009e-11   9.901e-12   3.729e-11   1.357e-01   7.425e-11
     500   1.597e-09   3.157e-12   1.597e-09   1.568e-09   5.603e-10   1.434e+00   1.114e-09
     750   4.918e-10   9.012e-12   4.876e-10   4.785e-10   4.918e-10   9.972e-01   4.885e-10
    1000   5.981e-10   9.114e-12   5.981e-10   5.870e-10   4.971e-10   6.072e-01   9.847e-10
    1250   8.981e-10   5.851e-12   8.981e-10   8.815e-10   2.571e-10   2.307e+00   3.891e-10
    1500   5.169e-10   9.479e-12   5.114e-10   5.019e-10   5.169e-10   1.000e+00   5.117e-10
    1750   6.276e-10   9.523e-12   6.276e-10   6.160e-10   5.189e-10   6.100e-01   1.029e-09
    2000   4.928e-11   7.809e-13   1.339e-11   1.314e-11   4.928e-11   1.361e-01   9.828e-11
    2250   4.282e-11   6.802e-13   1.172e-11   1.150e-11   4.282e-11   1.364e-01   8.595e-11
    2500   1.685e-09   3.145e-12   1.685e-09   1.654e-09   5.536e-10   2.976e+00   5.663e-10
    2750   8.795e-10   5.591e-12   8.795e-10   8.632e-10   2.434e-10   2.309e+00   3.810e-10
    3000   5.185e-10   9.256e-12   5.185e-10   5.089e-10   4.974e-10   9.974e-01   5.201e-10
    3250   1.695e-09   3.024e-12   1.695e-09   1.663e-09   5.251e-10   2.974e+00   5.700e-10
    3500   5.391e-10   5.632e-12   5.391e-10   5.291e-10   1.840e-10   1.337e+00   4.028e-10
    3750   5.933e-10   8.006e-12   5.933e-10   5.823e-10   4.321e-10   6.119e-01   9.689e-10
    4000   3.840e-11   6.054e-13   1.255e-11   1.231e-11   3.840e-11   1.387e-01   9.006e-11
    4250   8.918e-10   4.713e-12   8.918e-10   8.753e-10   2.069e-10   2.311e+00   3.856e-10
    4500   4.136e-11   6.616e-13   1.496e-11   1.469e-11   4.136e-11   1.396e-01   1.066e-10
    4750   3.696e-11   5.962e-13   1.399e-11   1.373e-11   3.696e-11   1.403e-01   9.930e-11
    5000   6.137e-10   6.840e-12   6.137e-10   6.024e-10   3.619e-10   6.127e-01   1.001e-09
   eps 1e-06: first stationary pair at 15 s, 998 of 999 pairs stationary
   eps 1e-07: first stationary pair at 15 s, 998 of 999 pairs stationary
   eps 1e-08: first stationary pair at 15 s, 998 of 999 pairs stationary
   eps 1e-09: first stationary pair at 50 s, 883 of 999 pairs stationary
== rest100 ladder 58: 1000 intervals in 2.3 s
   t[s]     measure     state       component   energy      flow(quiet) relFlowChg  drift
       5  -1.000e+00  -1.000e+00  -1.000e+00  -1.000e+00  -1.000e+00  -1.000e+00   4.602e-04
      10   1.670e-03   3.202e-04   4.599e-04   4.513e-04   1.670e-03   9.387e+02   3.955e-07
      15   1.777e-06   2.762e-07   3.948e-07   3.875e-07   1.777e-06   5.351e+02   7.396e-10
      20   3.315e-09   3.505e-10   1.174e-09   1.152e-09   3.315e-09   2.702e+00   4.339e-10
      25   2.680e-09   1.119e-10   1.039e-09   1.020e-09   2.680e-09   1.727e+00   6.050e-10
      30   2.721e-09   3.215e-10   1.243e-09   1.220e-09   2.721e-09   1.985e+00   6.709e-10
      35   2.721e-09   3.215e-10   3.296e-10   3.236e-10   2.721e-09   9.361e-01   3.413e-10
      40   1.405e-09   2.391e-10   4.115e-10   4.039e-10   1.405e-09   4.065e+00   1.603e-10
     250   1.678e-09   2.355e-12   1.678e-09   1.647e-09   5.046e-10   2.588e+00   6.487e-10
     500   1.281e-09   2.942e-12   1.281e-09   1.257e-09   3.093e-10   2.087e+00   6.143e-10
     750   1.325e-09   2.818e-12   1.325e-09   1.300e-09   2.991e-10   2.085e+00   6.357e-10
    1000   6.597e-10   6.787e-12   6.597e-10   6.475e-10   3.897e-10   6.870e-01   9.588e-10
    1250   1.345e-09   2.528e-12   1.345e-09   1.320e-09   2.705e-10   2.083e+00   6.461e-10
    1500   9.603e-11   1.509e-12   8.012e-11   7.863e-11   9.603e-11   3.118e-01   2.566e-10
    1750   9.277e-11   1.448e-12   7.966e-11   7.818e-11   9.277e-11   3.123e-01   2.548e-10
    2000   8.471e-10   4.723e-12   8.471e-10   8.314e-10   2.957e-10   1.019e+00   8.317e-10
    2250   6.189e-10   3.927e-12   6.189e-10   6.075e-10   1.161e-10   1.858e+00   3.331e-10
    2500   9.663e-10   5.708e-12   9.663e-10   9.484e-10   3.360e-10   6.971e+01   1.396e-11
    2750   1.067e-09   6.225e-12   1.067e-09   1.047e-09   3.664e-10   6.878e+01   1.539e-11
    3000   8.450e-10   4.099e-12   8.450e-10   8.293e-10   2.882e-10   9.835e-01   8.591e-10
    3250   8.758e-10   4.564e-12   8.758e-10   8.595e-10   2.898e-10   1.018e+00   8.600e-10
    3500   3.096e-10   3.983e-12   3.096e-10   3.039e-10   2.703e-10   6.343e-01   4.879e-10
    3750   1.085e-09   6.190e-12   1.085e-09   1.065e-09   3.745e-10   6.946e+01   1.563e-11
    4000   8.754e-10   4.166e-12   8.754e-10   8.591e-10   3.034e-10   9.836e-01   8.899e-10
    4250   6.611e-10   5.353e-12   6.611e-10   6.489e-10   3.264e-10   6.913e-01   9.565e-10
    4500   8.774e-10   4.503e-12   8.774e-10   8.612e-10   2.942e-10   1.018e+00   8.616e-10
    4750   6.737e-10   5.437e-12   6.737e-10   6.612e-10   3.328e-10   6.913e-01   9.746e-10
    5000   1.108e-09   6.263e-12   1.108e-09   1.087e-09   3.838e-10   6.933e+01   1.595e-11
   eps 1e-06: first stationary pair at 20 s, 997 of 999 pairs stationary
   eps 1e-07: first stationary pair at 20 s, 997 of 999 pairs stationary
   eps 1e-08: first stationary pair at 20 s, 997 of 999 pairs stationary
   eps 1e-09: first stationary pair at 45 s, 679 of 999 pairs stationary
== rest100 ladder 65: 1000 intervals in 1.1 s
   t[s]     measure     state       component   energy      flow(quiet) relFlowChg  drift
       5  -1.000e+00  -1.000e+00  -1.000e+00  -1.000e+00  -1.000e+00  -1.000e+00   4.291e-04
      10   8.257e-04   2.986e-04   4.291e-04   4.212e-04   8.257e-04   2.419e+06   5.359e-10
      15   1.153e-09   7.225e-11   1.153e-09   1.132e-09   1.085e-09   1.315e+00   6.434e-10
      20   1.714e-09   7.106e-11   1.714e-09   1.683e-09   1.672e-09   1.649e+00   1.082e-09
      25   1.672e-09   7.106e-11   4.880e-10   4.790e-10   1.672e-09   1.171e+00   6.318e-10
      30   9.720e-10   5.612e-11   9.720e-10   9.540e-10   7.700e-10   2.597e+00   3.402e-10
      35   9.218e-10   5.612e-11   7.410e-10   7.272e-10   9.218e-10   4.771e-01   1.053e-09
      40   1.040e-09   2.568e-11   1.040e-09   1.021e-09   9.218e-10   2.015e+01   2.449e-11
     250   6.334e-10   4.444e-12   6.334e-10   6.216e-10   3.035e-10   7.189e-01   8.810e-10
     500   1.328e-09   1.438e-12   1.328e-09   1.304e-09   3.571e-10   1.282e+00   1.036e-09
     750   4.314e-10   1.390e-12   4.314e-10   4.234e-10   2.460e-10   1.528e+00   2.823e-10
    1000   5.536e-10   2.941e-12   5.536e-10   5.433e-10   1.048e-10   2.220e+00   2.494e-10
    1250   4.494e-10   1.448e-12   4.494e-10   4.411e-10   2.563e-10   1.528e+00   2.941e-10
    1500   1.709e-09   1.096e-12   1.709e-09   1.678e-09   3.414e-10   2.377e+00   7.191e-10
    1750   1.575e-09   4.420e-12   1.575e-09   1.545e-09   3.023e-10   2.257e+00   6.977e-10
    2000   1.781e-09   1.143e-12   1.781e-09   1.748e-09   3.558e-10   2.377e+00   7.493e-10
    2250   1.279e-09   1.385e-12   1.279e-09   1.256e-09   3.441e-10   1.282e+00   9.981e-10
    2500   6.353e-10   4.454e-12   6.353e-10   6.235e-10   3.046e-10   7.189e-01   8.837e-10
    2750   1.333e-09   1.443e-12   1.333e-09   1.308e-09   3.585e-10   1.282e+00   1.040e-09
    3000   4.329e-10   1.395e-12   4.329e-10   4.249e-10   2.469e-10   1.528e+00   2.833e-10
    3250   5.556e-10   2.952e-12   5.556e-10   5.453e-10   1.052e-10   2.219e+00   2.503e-10
    3500   4.512e-10   1.453e-12   4.512e-10   4.428e-10   2.573e-10   1.528e+00   2.952e-10
    3750   1.716e-09   1.101e-12   1.716e-09   1.684e-09   3.427e-10   2.377e+00   7.219e-10
    4000   1.581e-09   4.438e-12   1.581e-09   1.551e-09   3.034e-10   2.257e+00   7.004e-10
    4250   1.788e-09   1.147e-12   1.788e-09   1.755e-09   3.571e-10   2.377e+00   7.521e-10
    4500   1.284e-09   1.390e-12   1.284e-09   1.260e-09   3.454e-10   1.282e+00   1.002e-09
    4750   6.377e-10   4.471e-12   6.377e-10   6.259e-10   3.058e-10   7.189e-01   8.871e-10
    5000   1.338e-09   1.448e-12   1.338e-09   1.313e-09   3.598e-10   1.282e+00   1.044e-09
   eps 1e-06: first stationary pair at 15 s, 998 of 999 pairs stationary
   eps 1e-07: first stationary pair at 15 s, 998 of 999 pairs stationary
   eps 1e-08: first stationary pair at 15 s, 998 of 999 pairs stationary
   eps 1e-09: first stationary pair at 30 s, 403 of 999 pairs stationary
== rest100 ladder 80: 1000 intervals in 1.6 s
   t[s]     measure     state       component   energy      flow(quiet) relFlowChg  drift
       5  -1.000e+00  -1.000e+00  -1.000e+00  -1.000e+00  -1.000e+00  -1.000e+00   4.394e-04
      10   1.205e-03   3.057e-04   4.394e-04   4.312e-04   1.205e-03   1.205e+06   6.304e-10
      15   3.246e-09   6.304e-10   6.877e-10   6.750e-10   3.246e-09   6.920e-01   1.008e-09
      20   3.246e-09   2.119e-10   1.715e-09   1.684e-09   3.246e-09   2.423e+00   7.075e-10
      25   3.215e-09   7.522e-11   1.714e-09   1.682e-09   3.215e-09   1.709e+00   1.006e-09
      30   3.319e-09   2.314e-12   2.043e-09   2.005e-09   3.319e-09   1.969e+00   1.036e-09
      35   3.319e-09   2.314e-12   1.999e-09   1.962e-09   3.319e-09   2.101e+00   9.630e-10
      40   3.051e-09   2.726e-12   1.932e-09   1.896e-09   3.051e-09   1.989e+00   9.691e-10
     250   3.271e-10   7.885e-12   3.271e-10   3.210e-10   2.159e-10   8.145e-01   4.003e-10
     500   6.202e-10   1.139e-12   6.202e-10   6.087e-10   3.603e-10   6.021e+00   1.033e-10
     750   1.306e-09   5.065e-12   1.306e-09   1.282e-09   6.938e-10   9.382e-01   1.392e-09
    1000   2.116e-09   4.995e-12   2.116e-09   2.077e-09   6.795e-10   2.806e+00   7.541e-10
    1250   6.293e-10   1.076e-12   6.293e-10   6.177e-10   3.655e-10   6.022e+00   1.046e-10
    1500   5.042e-11   1.044e-12   2.168e-11   2.127e-11   5.042e-11   2.707e-01   8.019e-11
    1750   2.181e-09   5.103e-12   2.181e-09   2.140e-09   6.854e-10   2.807e+00   7.770e-10
    2000   6.577e-10   1.102e-12   6.577e-10   6.456e-10   3.704e-10   6.026e+00   1.092e-10
    2250   5.239e-11   1.085e-12   2.311e-11   2.268e-11   5.239e-11   2.698e-01   8.578e-11
    2500   4.774e-11   9.791e-13   2.149e-11   2.110e-11   4.774e-11   2.690e-01   8.027e-11
    2750   1.305e-09   4.592e-12   1.305e-09   1.280e-09   6.251e-10   9.386e-01   1.389e-09
    3000   1.288e-09   4.404e-12   1.288e-09   1.264e-09   5.912e-10   9.388e-01   1.371e-09
    3250   1.305e-09   4.324e-12   1.305e-09   1.281e-09   5.720e-10   9.389e-01   1.389e-09
    3500   3.691e-11   8.800e-13   1.249e-11   1.226e-11   3.691e-11   1.568e-01   7.997e-11
    3750   4.198e-11   8.848e-13   2.240e-11   2.199e-11   4.198e-11   2.638e-01   8.506e-11
    4000   6.475e-10   8.530e-13   6.475e-10   6.355e-10   2.886e-10   6.061e+00   1.067e-10
    4250   2.153e-09   3.844e-12   2.153e-09   2.113e-09   5.207e-10   2.811e+00   7.659e-10
    4500   3.195e-11   5.743e-13   2.464e-11   2.419e-11   3.195e-11   3.994e-01   6.178e-11
    4750   6.328e-10   7.803e-13   6.328e-10   6.210e-10   2.685e-10   6.079e+00   1.041e-10
    5000   1.445e-09   3.922e-13   1.445e-09   1.418e-09   4.982e-10   1.044e+00   1.384e-09
   eps 1e-06: first stationary pair at 15 s, 998 of 999 pairs stationary
   eps 1e-07: first stationary pair at 15 s, 998 of 999 pairs stationary
   eps 1e-08: first stationary pair at 15 s, 998 of 999 pairs stationary
   eps 1e-09: first stationary pair at 85 s, 490 of 999 pairs stationary
