   1                       5.00000
   2                       5.00478
   3                       5.05904
   4                       5.20775
   5                       5.44387
   6                       5.74223
   7                       6.08300
   8                       6.45484
   9                       6.85212
  10                       7.27237
  11                       7.71471
  12                       8.17909
  13                       8.66583
  14                       9.17543
  15                       9.70842
  16                      10.26530
  17                      10.84640
  18                      11.45210
  19                      12.08250
  20                      12.73770
  21                      13.41750
  22                      14.12180
  23                      14.85030
  24                      15.60270
  25                      16.37860
  26                      17.17760
  27                      17.99910
  28                      18.84270
  29                      19.70780
  30                      20.59400
  31                      21.50060
  32                      22.42710
  33                      23.37310
  34                      24.33790
  35                      25.32120
  36                      26.32230
  37                      27.34090
  38                      28.37650
  39                      29.42870
  40                      30.49710
  41                      31.58120
  42                      32.68070
  43                      33.79530
  44                      34.92470
  45                      36.06850
  46                      37.22640
  47                      38.39810
  48                      39.58350
  49                      40.78220
  50                      41.99410
  51                      43.21890
  52                      44.45630
  53                      45.70630
  54                      46.96860
  55                      48.24300
  56                      49.52950
  57                      50.82770
  58                      52.13760
  59                      53.45910
  60                      54.79200
  61                      56.13620
  62                      57.49150
  63                      58.85790
  64                      60.23520
  65                      61.62340
  66                      63.02220
  67                      64.43170
  68                      65.85180
  69                      67.28230
  70                      68.72310
  71                      70.17420
  72                      71.63560
  73                      73.10700
  74                      74.58850
  75                      76.07990
  76                      77.58130
  77                      79.09240
  78                      80.61340
  79                      82.14400
  80                      83.68420
  81                      85.23410
  82                      86.79340
  83                      88.36220
  84                      89.94030
  85                      91.52780
  86                      93.12460
  87                      94.73060
  88                      96.34570
  89                      97.97000
  90                      99.60330
  91                     101.24600
  92                     102.89700
  93                     104.55700
  94                     106.22600
  95                     107.90400
  96                     109.59100
  97                     111.28600
  98                     112.99000
  99                     114.70300
 100                     116.42500
 101                     118.15400
 102                     119.89300
 103                     121.64000
 104                     123.39500
 105                     125.15900
 106                     126.93100
 107                     128.71100
 108                     130.50000
 109                     132.29700
 110                     134.10200
 111                     135.91500
 112                     137.73600
 113                     139.56600
 114                     141.40300
 115                     143.24900
 116                     145.10200
 117                     146.96400
 118                     148.83300
 119                     150.71100
 120                     152.59600
 121                     154.48900
 122                     156.39000
 123                     158.29800
 124                     160.21400
 125                     162.13800
 126                     164.07000
 127                     166.00900
 128                     167.95600
 129                     169.91100
 130                     171.87300
 131                     173.84200
 132                     175.82000
 133                     177.80400
 134                     179.79600
 135                     181.79500
 136                     183.80200
 137                     185.81600
 138                     187.83800
 139                     189.86700
 140                     191.90300
 141                     193.94600
 142                     195.99700
 143                     198.05500
 144                     200.12000
 145                     202.19200
 146                     204.27100
 147                     206.35800
 148                     208.45100
 149                     210.55200
 150                     212.66000
 151                     214.77400
 152                     216.89600
 153                     219.02500
 154                     221.16100
 155                     223.30300
 156                     225.45300
 157                     227.60900
 158                     229.77300
 159                     231.94300
 160                     234.12000
 161                     236.30400
 162                     238.49500
 163                     240.69200
 164                     242.89700
 165                     245.10800
 166                     247.32600
 167                     249.55000
 168                     251.78200
 169                     254.02000
 170                     256.26400
 171                     258.51600
 172                     260.77400
 173                     263.03800
 174                     265.30900
 175                     267.58700
 176                     269.87200
 177                     272.16300
 178                     274.46000
 179                     276.76400
 180                     279.07500
 181                     281.39200
 182                     283.71600
 183                     286.04600
 184                     288.38300
 185                     290.72600
 186                     293.07600
 187                     295.43200
 188                     297.79400
 189                     300.16300
 190                     302.53800
 191                     304.92000
 192                     307.30800
 193                     309.70300
 194                     312.10400
 195                     314.51100
 196                     316.92500
 197                     319.34500
 198                     321.77100
 199                     324.20400
 200                     326.64300
 201                     329.08900
 202                     331.54000
 203                     333.99800
 204                     336.46300
 205                     338.93400
 206                     341.41100
 207                     343.89400
 208                     346.38300
 209                     348.87900
 210                     351.38200
 211                     353.89000
 212                     356.40500
 213                     358.92600
 214                     361.45300
 215                     363.98700
 216                     366.52700
 217                     369.07300
 218                     371.62500
 219                     374.18400
 220                     376.74900
 221                     379.32000
 222                     381.89800
 223                     384.48100
 224                     387.07100
 225                     389.66800
 226                     392.27000
 227                     394.87900
 228                     397.49400
 229                     400.11600
 230                     402.74400
 231                     405.37800
 232                     408.01800
 233                     410.66500
 234                     413.31800
 235                     415.97700
 236                     418.64200
 237                     421.31400
 238                     423.99300
 239                     426.67700
 240                     429.36800
 241                     432.06500
 242                     434.76900
 243                     437.47900
 244                     440.19500
 245                     442.91800
 246                     445.64700
 247                     448.38200
 248                     451.12400
 249                     453.87300
 250                     456.62700
 251                     459.38900
 252                     462.15600
 253                     464.93000
 254                     467.71100
 255                     470.49800
 256                     473.29100
 257                     476.09100
 258                     478.89800
 259                     481.71100
 260                     484.53100
 261                     487.35700
 262                     490.18900
 263                     493.02900
 264                     495.87500
 265                     498.72700
 266                     501.58600
 267                     504.45200
 268                     507.32500
 269                     510.20400
 270                     513.08900
 271                     515.98200
 272                     518.88100
 273                     521.78700
 274                     524.70000
 275                     527.61900
 276                     530.54600
 277                     533.47900
 278                     536.41900
 279                     539.36500
 280                     542.31900
 281                     545.28000
 282                     548.24700
 283                     551.22100
 284                     554.20300
 285                     557.19100
 286                     560.18600
 287                     563.18900
 288                     566.19800
 289                     569.21400
 290                     572.23800
 291                     575.26800
 292                     578.30600
 293                     581.35100
 294                     584.40300
 295                     587.46200
 296                     590.52900
 297                     593.60200
 298                     596.68300
 299                     599.77100
 300                     602.86700
 301                     605.97000
 302                     609.08000
 303                     612.19800
 304                     615.32300
 305                     618.45500
 306                     621.59500
 307                     624.74300
 308                     627.89800
 309                     631.06000
 310                     634.23000
 311                     637.40800
 312                     640.59300
 313                     643.78600
 314                     646.98700
 315                     650.19500
 316                     653.41200
 317                     656.63600
 318                     659.86700
 319                     663.10700
 320                     666.35400
 321                     669.61000
 322                     672.87300
 323                     676.14400
 324                     679.42300
 325                     682.71100
 326                     686.00600
 327                     689.30900
 328                     692.62100
 329                     695.94000
 330                     699.26800
 331                     702.60400
 332                     705.94900
 333                     709.30100
 334                     712.66200
 335                     716.03100
 336                     719.40900
 337                     722.79500
 338                     726.18900
 339                     729.59200
 340                     733.00300
 341                     736.42300
 342                     739.85200
 343                     743.28900
 344                     746.73500
 345                     750.19000
 346                     753.65300
 347                     757.12500
 348                     760.60600
 349                     764.09500
 350                     767.59400
 351                     771.10100
 352                     774.61700
 353                     778.14300
 354                     781.67700
 355                     785.22100
 356                     788.77300
 357                     792.33500
 358                     795.90500
 359                     799.48500
 360                     803.07500
 361                     806.67300
 362                     810.28100
 363                     813.89800
 364                     817.52500
 365                     821.16100
 366                     824.80600
 367                     828.46100
 368                     832.12600
 369                     835.80000
 370                     839.48400
 371                     843.17800
 372                     846.88100
 373                     850.59400
 374                     854.31700
 375                     858.04900
 376                     861.79200
 377                     865.54400
 378                     869.30700
 379                     873.07900
 380                     876.86100
 381                     880.65400
 382                     884.45700
 383                     888.27000
 384                     892.09300
 385                     895.92600
 386                     899.77000
 387                     903.62400
 388                     907.48800
 389                     911.36300
 390                     915.24800
 391                     919.14400
 392                     923.05100
 393                     926.96800
 394                     930.89600
 395                     934.83400
 396                     938.78300
 397                     942.74300
 398                     946.71400
 399                     950.69600
 400                     954.68800
 401                     958.69200
 402                     962.70600
 403                     966.73200
 404                     970.76900
 405                     974.81700
 406                     978.87600
 407                     982.94600
 408                     987.02800
 409                     991.12100
 410                     995.22500
 411                     999.34100
 412                    1003.47000
 413                    1007.61000
 414                    1011.76000
 415                    1015.92000
 416                    1020.09000
 417                    1024.28000
 418                    1028.48000
 419                    1032.69000
 420                    1036.91000
 421                    1041.14000
 422                    1045.38000
 423                    1049.64000
 424                    1053.91000
 425                    1058.19000
 426                    1062.48000
 427                    1066.79000
 428                    1071.11000
 429                    1075.44000
 430                    1079.78000
 431                    1084.13000
 432                    1088.50000
 433                    1092.88000
 434                    1097.27000
 435                    1101.68000
 436                    1106.10000
 437                    1110.53000
 438                    1114.97000
 439                    1119.43000
 440                    1123.90000
 441                    1128.38000
 442                    1132.87000
 443                    1137.38000
 444                    1141.90000
 445                    1146.43000
 446                    1150.98000
 447                    1155.54000
 448                    1160.12000
 449                    1164.70000
 450                    1169.30000
 451                    1173.92000
 452                    1178.54000
 453                    1183.19000
 454                    1187.84000
 455                    1192.51000
 456                    1197.19000
 457                    1201.89000
 458                    1206.60000
 459                    1211.32000
 460                    1216.06000
 461                    1220.81000
 462                    1225.57000
 463                    1230.35000
 464                    1235.15000
 465                    1239.96000
 466                    1244.78000
 467                    1249.62000
 468                    1254.47000
 469                    1259.33000
 470                    1264.21000
 471                    1269.11000
 472                    1274.02000
 473                    1278.94000
 474                    1283.88000
 475                    1288.83000
 476                    1293.80000
 477                    1298.78000
 478                    1303.78000
 479                    1308.79000
 480                    1313.82000
 481                    1318.87000
 482                    1323.92000
 483                    1329.00000
 484                    1334.09000
 485                    1339.19000
 486                    1344.31000
 487                    1349.45000
 488                    1354.60000
 489                    1359.77000
 490                    1364.95000
 491                    1370.15000
 492                    1375.36000
 493                    1380.59000
 494                    1385.83000
 495                    1391.10000
 496                    1396.37000
 497                    1401.67000
 498                    1406.98000
 499                    1412.30000
 500                    1417.65000
 501                    1423.00000
 502                    1428.38000
 503                    1433.77000
 504                    1439.18000
 505                    1444.60000
 506                    1450.04000
 507                    1455.50000
 508                    1460.98000
 509                    1466.47000
 510                    1471.98000
 511                    1477.50000
 512                    1483.05000
 513                    1488.61000
 514                    1494.18000
 515                    1499.78000
 516                    1505.39000
 517                    1511.02000
 518                    1516.66000
 519                    1522.33000
 520                    1528.01000
 521                    1533.71000
 522                    1539.42000
 523                    1545.16000
 524                    1550.91000
 525                    1556.68000
 526                    1562.47000
 527                    1568.27000
 528                    1574.10000
 529                    1579.94000
 530                    1585.80000
 531                    1591.68000
 532                    1597.57000
 533                    1603.49000
 534                    1609.42000
 535                    1615.38000
 536                    1621.35000
 537                    1627.34000
 538                    1633.34000
 539                    1639.37000
 540                    1645.42000
 541                    1651.48000
 542                    1657.57000
 543                    1663.67000
 544                    1669.79000
 545                    1675.93000
 546                    1682.10000
 547                    1688.28000
 548                    1694.48000
 549                    1700.69000
 550                    1706.93000
 551                    1713.19000
 552                    1719.47000
 553                    1725.77000
 554                    1732.09000
 555                    1738.42000
 556                    1744.78000
 557                    1751.16000
 558                    1757.56000
 559                    1763.98000
 560                    1770.42000
 561                    1776.88000
 562                    1783.36000
 563                    1789.86000
 564                    1796.38000
 565                    1802.92000
 566                    1809.48000
 567                    1816.06000
 568                    1822.67000
 569                    1829.29000
 570                    1835.94000
 571                    1842.61000
 572                    1849.29000
 573                    1856.00000
 574                    1862.73000
 575                    1869.49000
 576                    1876.26000
 577                    1883.06000
 578                    1889.87000
 579                    1896.71000
 580                    1903.57000
 581                    1910.46000
 582                    1917.36000
 583                    1924.29000
 584                    1931.24000
 585                    1938.21000
 586                    1945.20000
 587                    1952.22000
 588                    1959.25000
 589                    1966.31000
 590                    1973.40000
 591                    1980.50000
 592                    1987.63000
 593                    1994.78000
 594                    2001.96000
 595                    2009.16000
 596                    2016.38000
 597                    2023.62000
 598                    2030.89000
 599                    2038.18000
 600                    2045.49000
 601                    2052.83000
 602                    2060.19000
 603                    2067.57000
 604                    2074.98000
 605                    2082.41000
 606                    2089.87000
 607                    2097.35000
 608                    2104.85000
 609                    2112.38000
 610                    2119.93000
 611                    2127.51000
 612                    2135.11000
 613                    2142.74000
 614                    2150.39000
 615                    2158.06000
 616                    2165.76000
 617                    2173.49000
 618                    2181.24000
 619                    2189.01000
 620                    2196.81000
 621                    2204.64000
 622                    2212.49000
 623                    2220.36000
 624                    2228.26000
 625                    2236.19000
 626                    2244.14000
 627                    2252.12000
 628                    2260.12000
 629                    2268.15000
 630                    2276.21000
 631                    2284.29000
 632                    2292.40000
 633                    2300.53000
 634                    2308.69000
 635                    2316.88000
 636                    2325.09000
 637                    2333.33000
 638                    2341.60000
 639                    2349.89000
 640                    2358.21000
 641                    2366.56000
 642                    2374.93000
 643                    2383.34000
 644                    2391.76000
 645                    2400.22000
 646                    2408.70000
 647                    2417.22000
 648                    2425.75000
 649                    2434.32000
 650                    2442.92000
 651                    2451.54000
 652                    2460.19000
 653                    2468.87000
 654                    2477.57000
 655                    2486.31000
 656                    2495.07000
 657                    2503.86000
 658                    2512.68000
 659                    2521.53000
 660                    2530.41000
 661                    2539.32000
 662                    2548.25000
 663                    2557.22000
 664                    2566.21000
 665                    2575.24000
 666                    2584.29000
 667                    2593.37000
 668                    2602.48000
 669                    2611.63000
 670                    2620.80000
 671                    2630.00000
 672                    2639.23000
 673                    2648.49000
 674                    2657.78000
 675                    2667.10000
 676                    2676.46000
 677                    2685.84000
 678                    2695.25000
 679                    2704.70000
 680                    2714.17000
 681                    2723.68000
 682                    2733.21000
 683                    2742.78000
 684                    2752.38000
 685                    2762.01000
 686                    2771.67000
 687                    2781.37000
 688                    2791.09000
 689                    2800.85000
 690                    2810.64000
 691                    2820.46000
 692                    2830.31000
 693                    2840.20000
 694                    2850.11000
 695                    2860.06000
 696                    2870.05000
 697                    2880.06000
 698                    2890.11000
 699                    2900.19000
 700                    2910.30000
 701                    2920.45000
 702                    2930.63000
 703                    2940.84000
 704                    2951.09000
 705                    2961.37000
 706                    2971.68000
 707                    2982.03000
 708                    2992.41000
 709                    3002.82000
 710                    3013.27000
 711                    3023.75000
 712                    3034.27000
 713                    3044.82000
 714                    3055.41000
 715                    3066.03000
 716                    3076.69000
 717                    3087.38000
 718                    3098.10000
 719                    3108.86000
 720                    3119.66000
 721                    3130.49000
 722                    3141.36000
 723                    3152.26000
 724                    3163.20000
 725                    3174.17000
 726                    3185.18000
 727                    3196.23000
 728                    3207.31000
 729                    3218.43000
 730                    3229.58000
 731                    3240.77000
 732                    3252.00000
 733                    3263.26000
 734                    3274.57000
 735                    3285.90000
 736                    3297.28000
 737                    3308.69000
 738                    3320.14000
 739                    3331.63000
 740                    3343.15000
 741                    3354.72000
 742                    3366.32000
 743                    3377.96000
 744                    3389.63000
 745                    3401.35000
 746                    3413.10000
 747                    3424.89000
 748                    3436.73000
 749                    3448.59000
 750                    3460.50000
 751                    3472.45000
 752                    3484.44000
 753                    3496.46000
 754                    3508.53000
 755                    3520.63000
 756                    3532.78000
 757                    3544.96000
 758                    3557.18000
 759                    3569.45000
 760                    3581.75000
 761                    3594.10000
 762                    3606.48000
 763                    3618.91000
 764                    3631.37000
 765                    3643.88000
 766                    3656.43000
 767                    3669.02000
 768                    3681.65000
 769                    3694.32000
 770                    3707.03000
 771                    3719.79000
 772                    3732.59000
 773                    3745.42000
 774                    3758.30000
 775                    3771.23000
 776                    3784.19000
 777                    3797.20000
 778                    3810.25000
 779                    3823.34000
 780                    3836.48000
 781                    3849.66000
 782                    3862.88000
 783                    3876.15000
 784                    3889.45000
 785                    3902.81000
 786                    3916.20000
 787                    3929.64000
 788                    3943.13000
 789                    3956.66000
 790                    3970.23000
 791                    3983.85000
 792                    3997.51000
 793                    4011.21000
 794                    4024.96000
 795                    4038.76000
 796                    4052.60000
 797                    4066.49000
 798                    4080.42000
 799                    4094.40000
 800                    4108.42000
 801                    4122.49000
 802                    4136.61000
 803                    4150.77000
 804                    4164.98000
 805                    4179.23000
 806                    4193.53000
 807                    4207.88000
 808                    4222.28000
 809                    4236.72000
 810                    4251.21000
 811                    4265.74000
 812                    4280.33000
 813                    4294.96000
 814                    4309.64000
 815                    4324.37000
 816                    4339.14000
 817                    4353.97000
 818                    4368.84000
 819                    4383.76000
 820                    4398.73000
 821                    4413.75000
 822                    4428.82000
 823                    4443.94000
 824                    4459.11000
 825                    4474.32000
 826                    4489.59000
 827                    4504.91000
 828                    4520.27000
 829                    4535.69000
 830                    4551.16000
 831                    4566.68000
 832                    4582.24000
 833                    4597.86000
 834                    4613.53000
 835                    4629.26000
 836                    4645.03000
 837                    4660.85000
 838                    4676.73000
 839                    4692.66000
 840                    4708.64000
 841                    4724.67000
 842                    4740.75000
 843                    4756.89000
 844                    4773.08000
 845                    4789.33000
 846                    4805.62000
 847                    4821.97000
 848                    4838.37000
 849                    4854.83000
 850                    4871.34000
 851                    4887.90000
 852                    4904.52000
 853                    4921.19000
 854                    4937.92000
 855                    4954.70000
 856                    4971.54000
 857                    4988.43000
 858                    5005.37000
 859                    5022.38000
 860                    5039.43000
 861                    5056.54000
 862                    5073.71000
 863                    5090.94000
 864                    5108.22000
 865                    5125.55000
 866                    5142.95000
 867                    5160.40000
 868                    5177.90000
 869                    5195.47000
 870                    5213.09000
 871                    5230.77000
 872                    5248.50000
 873                    5266.30000
 874                    5284.15000
 875                    5302.06000
 876                    5320.03000
 877                    5338.06000
 878                    5356.14000
 879                    5374.29000
 880                    5392.49000
 881                    5410.75000
 882                    5429.08000
 883                    5447.46000
 884                    5465.90000
 885                    5484.40000
 886                    5502.97000
 887                    5521.59000
 888                    5540.27000
 889                    5559.02000
 890                    5577.82000
 891                    5596.69000
 892                    5615.62000
 893                    5634.61000
 894                    5653.66000
 895                    5672.77000
 896                    5691.95000
 897                    5711.19000
 898                    5730.49000
 899                    5749.85000
 900                    5769.28000
 901                    5788.76000
 902                    5808.32000
 903                    5827.93000
 904                    5847.61000
 905                    5867.36000
 906                    5887.17000
 907                    5907.04000
 908                    5926.97000
 909                    5946.98000
 910                    5967.04000
 911                    5987.17000
 912                    6007.37000
 913                    6027.63000
 914                    6047.96000
 915                    6068.36000
 916                    6088.82000
 917                    6109.35000
 918                    6129.94000
 919                    6150.60000
 920                    6171.33000
 921                    6192.12000
 922                    6212.98000
 923                    6233.91000
 924                    6254.91000
 925                    6275.98000
 926                    6297.11000
 927                    6318.32000
 928                    6339.59000
 929                    6360.93000
 930                    6382.34000
 931                    6403.82000
 932                    6425.36000
 933                    6446.98000
 934                    6468.67000
 935                    6490.43000
 936                    6512.26000
 937                    6534.16000
 938                    6556.13000
 939                    6578.17000
 940                    6600.28000
 941                    6622.47000
 942                    6644.73000
 943                    6667.05000
 944                    6689.46000
 945                    6711.93000
 946                    6734.48000
 947                    6757.09000
 948                    6779.79000
 949                    6802.55000
 950                    6825.39000
 951                    6848.30000
 952                    6871.29000
 953                    6894.35000
 954                    6917.49000
 955                    6940.70000
 956                    6963.98000
 957                    6987.34000
 958                    7010.78000
 959                    7034.29000
 960                    7057.88000
 961                    7081.54000
 962                    7105.28000
 963                    7129.10000
 964                    7152.99000
 965                    7176.97000
 966                    7201.01000
 967                    7225.14000
 968                    7249.34000
 969                    7273.62000
 970                    7297.98000
 971                    7322.42000
 972                    7346.94000
 973                    7371.54000
 974                    7396.21000
 975                    7420.97000
 976                    7445.80000
 977                    7470.72000
 978                    7495.71000
 979                    7520.79000
 980                    7545.95000
 981                    7571.18000
 982                    7596.50000
 983                    7621.90000
 984                    7647.38000
 985                    7672.95000
 986                    7698.59000
 987                    7724.32000
 988                    7750.13000
 989                    7776.03000
 990                    7802.01000
 991                    7828.07000
 992                    7854.21000
 993                    7880.44000
 994                    7906.76000
 995                    7933.15000
 996                    7959.64000
 997                    7986.21000
 998                    8012.86000
 999                    8039.60000
1000                    8066.42000
1001                    8093.33000
1002                    8120.33000
1003                    8147.41000
1004                    8174.59000
1005                    8201.84000
1006                    8229.19000
1007                    8256.62000
1008                    8284.14000
1009                    8311.75000
1010                    8339.45000
1011                    8367.24000
1012                    8395.11000
1013                    8423.08000
1014                    8451.13000
1015                    8479.28000
1016                    8507.51000
1017                    8535.84000
1018                    8564.25000
1019                    8592.76000
1020                    8621.36000
1021                    8650.05000
1022                    8678.83000
1023                    8707.71000
1024                    8736.67000
1025                    8765.73000
1026                    8794.88000
1027                    8824.13000
1028                    8853.47000
1029                    8882.90000
1030                    8912.43000
1031                    8942.05000
1032                    8971.76000
1033                    9001.57000
1034                    9031.48000
1035                    9061.48000
1036                    9091.58000
1037                    9121.77000
1038                    9152.06000
1039                    9182.44000
1040                    9212.93000
1041                    9243.51000
1042                    9274.19000
1043                    9304.96000
1044                    9335.84000
1045                    9366.81000
1046                    9397.88000
1047                    9429.05000
1048                    9460.32000
1049                    9491.69000
1050                    9523.16000
1051                    9554.73000
1052                    9586.40000
1053                    9618.17000
1054                    9650.04000
1055                    9682.01000
1056                    9714.09000
1057                    9746.27000
1058                    9778.54000
1059                    9810.93000
1060                    9843.41000
1061                    9876.00000
1062                    9908.69000
1063                    9941.49000
1064                    9974.39000
1065                   10007.40000
1066                   10040.50000
1067                   10073.70000
1068                   10107.00000
1069                   10140.50000
1070                   10174.00000
1071                   10207.60000
1072                   10241.40000
1073                   10275.20000
1074                   10309.20000
1075                   10343.30000
1076                   10377.40000
1077                   10411.70000
1078                   10446.10000
1079                   10480.60000
1080                   10515.20000
1081                   10550.00000
1082                   10584.80000
1083                   10619.70000
1084                   10654.80000
1085                   10689.90000
1086                   10725.20000
1087                   10760.60000
1088                   10796.10000
1089                   10831.70000
1090                   10867.40000
1091                   10903.30000
1092                   10939.20000
1093                   10975.30000
1094                   11011.50000
1095                   11047.80000
1096                   11084.20000
1097                   11120.70000
1098                   11157.30000
1099                   11194.10000
1100                   11230.90000
1101                   11267.90000
1102                   11305.00000
1103                   11342.20000
1104                   11379.60000
1105                   11417.00000
1106                   11454.60000
1107                   11492.30000
1108                   11530.10000
1109                   11568.00000
1110                   11606.10000
1111                   11644.20000
1112                   11682.50000
1113                   11720.90000
1114                   11759.50000
1115                   11798.10000
1116                   11836.90000
1117                   11875.80000
1118                   11914.80000
1119                   11953.90000
1120                   11993.20000
1121                   12032.60000
1122                   12072.10000
1123                   12111.70000
1124                   12151.50000
1125                   12191.40000
1126                   12231.40000
1127                   12271.50000
1128                   12311.80000
1129                   12352.20000
1130                   12392.70000
1131                   12433.30000
1132                   12474.10000
1133                   12515.00000
1134                   12556.00000
1135                   12597.20000
1136                   12638.50000
1137                   12679.90000
1138                   12721.40000
1139                   12763.10000
1140                   12804.90000
1141                   12846.80000
1142                   12888.90000
1143                   12931.10000
1144                   12973.40000
1145                   13015.90000
1146                   13058.50000
1147                   13101.20000
1148                   13144.00000
1149                   13187.00000
1150                   13230.20000
1151                   13273.40000
1152                   13316.80000
1153                   13360.40000
1154                   13404.00000
1155                   13447.80000
1156                   13491.80000
1157                   13535.90000
1158                   13580.10000
1159                   13624.40000
1160                   13668.90000
1161                   13713.60000
1162                   13758.30000
1163                   13803.30000
1164                   13848.30000
1165                   13893.50000
1166                   13938.80000
1167                   13984.30000
1168                   14029.90000
1169                   14075.70000
1170                   14121.60000
1171                   14167.60000
1172                   14213.80000
1173                   14260.10000
1174                   14306.60000
1175                   14353.20000
1176                   14400.00000
1177                   14446.90000
1178                   14494.00000
1179                   14541.20000
1180                   14588.50000
1181                   14636.00000
1182                   14683.60000
1183                   14731.40000
1184                   14779.40000
1185                   14827.50000
1186                   14875.70000
1187                   14924.10000
1188                   14972.60000
1189                   15021.30000
1190                   15070.10000
1191                   15119.10000
1192                   15168.30000
1193                   15217.60000
1194                   15267.00000
1195                   15316.60000
1196                   15366.40000
1197                   15416.30000
1198                   15466.30000
1199                   15516.50000
1200                   15566.90000
1201                   15617.40000
1202                   15668.10000
1203                   15718.90000
1204                   15769.90000
1205                   15821.10000
1206                   15872.40000
1207                   15923.90000
1208                   15975.50000
1209                   16027.30000
1210                   16079.20000
1211                   16131.30000
1212                   16183.60000
1213                   16236.00000
1214                   16288.60000
1215                   16341.40000
1216                   16394.30000
1217                   16447.30000
1218                   16500.60000
1219                   16554.00000
1220                   16607.60000
1221                   16661.30000
1222                   16715.20000
1223                   16769.30000
1224                   16823.50000
1225                   16877.90000
1226                   16932.40000
1227                   16987.20000
1228                   17042.10000
1229                   17097.10000
1230                   17152.40000
1231                   17207.80000
1232                   17263.40000
1233                   17319.10000
1234                   17375.00000
1235                   17431.10000
1236                   17487.40000
1237                   17543.80000
1238                   17600.40000
1239                   17657.20000
1240                   17714.10000
1241                   17771.30000
1242                   17828.60000
1243                   17886.00000
1244                   17943.70000
1245                   18001.50000
1246                   18059.50000
1247                   18117.70000
1248                   18176.10000
1249                   18234.60000
1250                   18293.30000
1251                   18352.20000
1252                   18411.30000
1253                   18470.50000
1254                   18530.00000
1255                   18589.60000
1256                   18649.40000
1257                   18709.40000
1258                   18769.50000
1259                   18829.90000
1260                   18890.40000
1261                   18951.10000
1262                   19012.00000
1263                   19073.10000
1264                   19134.40000
1265                   19195.80000
1266                   19257.50000
1267                   19319.30000
1268                   19381.30000
1269                   19443.50000
1270                   19505.90000
1271                   19568.50000
1272                   19631.30000
1273                   19694.30000
1274                   19757.40000
1275                   19820.80000
1276                   19884.30000
1277                   19948.00000
1278                   20012.00000
1279                   20076.10000
1280                   20140.40000
1281                   20204.90000
1282                   20269.60000
1283                   20334.50000
1284                   20399.60000
1285                   20464.90000
1286                   20530.40000
1287                   20596.10000
1288                   20662.00000
1289                   20728.10000
1290                   20794.30000
1291                   20860.80000
1292                   20927.50000
1293                   20994.40000
1294                   21061.50000
1295                   21128.80000
1296                   21196.30000
1297                   21264.00000
1298                   21331.90000
1299                   21400.00000
1300                   21468.30000
1301                   21536.80000
1302                   21605.50000
1303                   21674.50000
1304                   21743.60000
1305                   21812.90000
1306                   21882.50000
1307                   21952.30000
1308                   22022.20000
1309                   22092.40000
1310                   22162.80000
1311                   22233.40000
1312                   22304.20000
1313                   22375.20000
1314                   22446.50000
1315                   22517.90000
1316                   22589.60000
1317                   22661.50000
1318                   22733.60000
1319                   22805.90000
1320                   22878.40000
1321                   22951.20000
1322                   23024.10000
1323                   23097.30000
1324                   23170.70000
1325                   23244.30000
1326                   23318.20000
1327                   23392.20000
1328                   23466.50000
1329                   23541.00000
1330                   23615.80000
1331                   23690.70000
1332                   23765.90000
1333                   23841.30000
1334                   23916.90000
1335                   23992.80000
1336                   24068.80000
1337                   24145.10000
1338                   24221.70000
1339                   24298.40000
1340                   24375.40000
1341                   24452.60000
1342                   24530.00000
1343                   24607.70000
1344                   24685.60000
1345                   24763.70000
1346                   24842.10000
1347                   24920.70000
1348                   24999.50000
1349                   25078.60000
1350                   25157.90000
1351                   25237.40000
1352                   25317.20000
1353                   25397.20000
1354                   25477.50000
1355                   25557.90000
1356                   25638.70000
1357                   25719.60000
1358                   25800.80000
1359                   25882.30000
1360                   25963.90000
1361                   26045.90000
1362                   26128.00000
1363                   26210.40000
1364                   26293.10000
1365                   26376.00000
1366                   26459.10000
1367                   26542.50000
1368                   26626.10000
1369                   26710.00000
1370                   26794.10000
1371                   26878.50000
1372                   26963.10000
1373                   27048.00000
1374                   27133.10000
1375                   27218.40000
1376                   27304.10000
1377                   27389.90000
1378                   27476.00000
1379                   27562.40000
1380                   27649.10000
1381                   27735.90000
1382                   27823.10000
1383                   27910.50000
1384                   27998.10000
1385                   28086.00000
1386                   28174.20000
1387                   28262.60000
1388                   28351.30000
1389                   28440.20000
1390                   28529.40000
1391                   28618.90000
1392                   28708.60000
1393                   28798.60000
1394                   28888.90000
1395                   28979.40000
1396                   29070.10000
1397                   29161.20000
1398                   29252.50000
1399                   29344.10000
1400                   29435.90000
1401                   29528.00000
1402                   29620.40000
1403                   29713.00000
1404                   29806.00000
1405                   29899.20000
1406                   29992.60000
1407                   30086.30000
1408                   30180.30000
1409                   30274.60000
1410                   30369.20000
1411                   30464.00000
1412                   30559.10000
1413                   30654.50000
1414                   30750.10000
1415                   30846.10000
1416                   30942.30000
1417                   31038.80000
1418                   31135.50000
1419                   31232.60000
1420                   31329.90000
1421                   31427.50000
1422                   31525.40000
1423                   31623.60000
1424                   31722.10000
1425                   31820.80000
1426                   31919.80000
1427                   32019.20000
1428                   32118.80000
1429                   32218.60000
1430                   32318.80000
1431                   32419.30000
1432                   32520.10000
1433                   32621.10000
1434                   32722.40000
1435                   32824.10000
1436                   32926.00000
1437                   33028.20000
1438                   33130.70000
1439                   33233.60000
1440                   33336.70000
1441                   33440.10000
1442                   33543.80000
1443                   33647.70000
1444                   33752.00000
1445                   33856.60000
1446                   33961.50000
1447                   34066.70000
1448                   34172.20000
1449                   34278.00000
1450                   34384.10000
1451                   34490.50000
1452                   34597.20000
1453                   34704.30000
1454                   34811.60000
1455                   34919.20000
1456                   35027.10000
1457                   35135.40000
1458                   35243.90000
1459                   35352.80000
1460                   35462.00000
1461                   35571.50000
1462                   35681.30000
1463                   35791.40000
1464                   35901.80000
1465                   36012.50000
1466                   36123.60000
1467                   36235.00000
1468                   36346.70000
1469                   36458.70000
1470                   36571.00000
1471                   36683.60000
1472                   36796.60000
1473                   36909.90000
1474                   37023.50000
1475                   37137.40000
1476                   37251.70000
1477                   37366.30000
1478                   37481.20000
1479                   37596.40000
1480                   37711.90000
1481                   37827.80000
1482                   37944.00000
1483                   38060.60000
1484                   38177.40000
1485                   38294.60000
1486                   38412.20000
1487                   38530.00000
1488                   38648.20000
1489                   38766.70000
1490                   38885.60000
1491                   39004.80000
1492                   39124.30000
1493                   39244.20000
1494                   39364.40000
1495                   39485.00000
1496                   39605.90000
1497                   39727.10000
1498                   39848.60000
1499                   39970.60000
1500                   40092.80000
1501                   40215.40000
1502                   40338.30000
1503                   40461.60000
1504                   40585.30000
1505                   40709.20000
1506                   40833.60000
1507                   40958.20000
1508                   41083.30000
1509                   41208.60000
1510                   41334.40000
1511                   41460.40000
1512                   41586.90000
1513                   41713.60000
1514                   41840.80000
1515                   41968.30000
1516                   42096.10000
1517                   42224.30000
1518                   42352.90000
1519                   42481.80000
1520                   42611.10000
1521                   42740.70000
1522                   42870.70000
1523                   43001.10000
1524                   43131.80000
1525                   43262.90000
1526                   43394.40000
1527                   43526.20000
1528                   43658.40000
1529                   43790.90000
1530                   43923.90000
1531                   44057.20000
1532                   44190.80000
1533                   44324.90000
1534                   44459.30000
1535                   44594.00000
1536                   44729.20000
1537                   44864.70000
1538                   45000.60000
1539                   45136.90000
1540                   45273.50000
1541                   45410.60000
1542                   45548.00000
1543                   45685.80000
1544                   45823.90000
1545                   45962.50000
1546                   46101.40000
1547                   46240.70000
1548                   46380.40000
1549                   46520.50000
1550                   46661.00000
1551                   46801.80000
1552                   46943.10000
1553                   47084.70000
1554                   47226.70000
1555                   47369.20000
1556                   47512.00000
1557                   47655.10000
1558                   47798.70000
1559                   47942.70000
1560                   48087.10000
1561                   48231.90000
1562                   48377.00000
1563                   48522.60000
1564                   48668.60000
1565                   48814.90000
1566                   48961.70000
1567                   49108.90000
1568                   49256.40000
1569                   49404.40000
1570                   49552.80000
1571                   49701.60000
1572                   49850.80000
1573                   50000.30000
1574                   50150.30000
1575                   50300.80000
1576                   50451.60000
1577                   50602.80000
1578                   50754.50000
1579                   50906.50000
1580                   51059.00000
1581                   51211.90000
1582                   51365.20000
1583                   51518.90000
1584                   51673.00000
1585                   51827.50000
1586                   51982.50000
1587                   52137.90000
1588                   52293.70000
1589                   52449.90000
1590                   52606.60000
1591                   52763.70000
1592                   52921.20000
1593                   53079.10000
1594                   53237.50000
1595                   53396.20000
1596                   53555.50000
1597                   53715.10000
1598                   53875.20000
1599                   54035.70000
1600                   54196.60000
1601                   54358.00000
1602                   54519.80000
1603                   54682.00000
1604                   54844.70000
1605                   55007.80000
1606                   55171.30000
1607                   55335.30000
1608                   55499.80000
1609                   55664.60000
1610                   55830.00000
1611                   55995.70000
1612                   56161.90000
1613                   56328.60000
1614                   56495.70000
1615                   56663.20000
1616                   56831.20000
1617                   56999.60000
1618                   57168.50000
1619                   57337.90000
1620                   57507.60000
1621                   57677.90000
1622                   57848.60000
1623                   58019.70000
1624                   58191.40000
1625                   58363.40000
1626                   58535.90000
1627                   58708.90000
1628                   58882.40000
1629                   59056.30000
1630                   59230.70000
1631                   59405.50000
1632                   59580.80000
1633                   59756.60000
1634                   59932.80000
1635                   60109.50000
1636                   60286.60000
1637                   60464.30000
1638                   60642.40000
1639                   60821.00000
1640                   61000.00000
1641                   61179.50000
1642                   61359.50000
1643                   61540.00000
1644                   61720.90000
1645                   61902.40000
1646                   62084.30000
1647                   62266.70000
1648                   62449.50000
1649                   62632.90000
1650                   62816.70000
1651                   63001.00000
1652                   63185.80000
1653                   63371.10000
1654                   63556.90000
1655                   63743.20000
1656                   63929.90000
1657                   64117.10000
1658                   64304.90000
1659                   64493.10000
1660                   64681.80000
1661                   64871.00000
1662                   65060.70000
1663                   65250.90000
1664                   65441.70000
1665                   65632.90000
1666                   65824.60000
1667                   66016.80000
1668                   66209.50000
1669                   66402.70000
1670                   66596.40000
1671                   66790.60000
1672                   66985.30000
1673                   67180.60000
1674                   67376.30000
1675                   67572.50000
1676                   67769.30000
1677                   67966.60000
1678                   68164.30000
1679                   68362.60000
1680                   68561.50000
1681                   68760.80000
1682                   68960.60000
1683                   69161.00000
1684                   69361.90000
1685                   69563.30000
1686                   69765.20000
1687                   69967.70000
1688                   70170.60000
1689                   70374.10000
1690                   70578.10000
1691                   70782.70000
1692                   70987.80000
1693                   71193.40000
1694                   71399.50000
1695                   71606.20000
1696                   71813.40000
1697                   72021.10000
1698                   72229.40000
1699                   72438.20000
1700                   72647.50000
1701                   72857.40000
1702                   73067.80000
1703                   73278.80000
1704                   73490.30000
1705                   73702.30000
1706                   73914.90000
1707                   74128.00000
1708                   74341.70000
1709                   74555.90000
1710                   74770.70000
1711                   74986.00000
1712                   75201.90000
1713                   75418.30000
1714                   75635.30000
1715                   75852.80000
1716                   76070.90000
1717                   76289.60000
1718                   76508.80000
1719                   76728.50000
1720                   76948.80000
1721                   77169.70000
1722                   77391.20000
1723                   77613.20000
1724                   77835.70000
1725                   78058.90000
1726                   78282.60000
1727                   78506.80000
1728                   78731.70000
1729                   78957.10000
1730                   79183.10000
1731                   79409.60000
1732                   79636.70000
1733                   79864.40000
1734                   80092.70000
1735                   80321.60000
1736                   80551.00000
1737                   80781.00000
1738                   81011.60000
1739                   81242.70000
1740                   81474.50000
1741                   81706.80000
1742                   81939.80000
1743                   82173.30000
1744                   82407.40000
1745                   82642.00000
1746                   82877.30000
1747                   83113.20000
1748                   83349.60000
1749                   83586.70000
1750                   83824.30000
1751                   84062.60000
1752                   84301.40000
1753                   84540.90000
1754                   84780.90000
1755                   85021.50000
1756                   85262.80000
1757                   85504.60000
1758                   85747.10000
1759                   85990.10000
1760                   86233.80000
1761                   86478.00000
1762                   86722.90000
1763                   86968.40000
1764                   87214.50000
1765                   87461.20000
1766                   87708.50000
1767                   87956.50000
1768                   88205.00000
1769                   88454.20000
1770                   88704.00000
1771                   88954.40000
1772                   89205.40000
1773                   89457.10000
1774                   89709.40000
1775                   89962.30000
1776                   90215.80000
1777                   90470.00000
1778                   90724.70000
1779                   90980.20000
1780                   91236.20000
1781                   91492.90000
1782                   91750.20000
1783                   92008.10000
1784                   92266.70000
1785                   92525.90000
1786                   92785.80000
1787                   93046.30000
1788                   93307.40000
1789                   93569.20000
1790                   93831.60000
1791                   94094.70000
1792                   94358.40000
1793                   94622.80000
1794                   94887.80000
1795                   95153.40000
1796                   95419.80000
1797                   95686.70000
1798                   95954.30000
1799                   96222.60000
1800                   96491.50000
1801                   96761.10000
1802                   97031.30000
1803                   97302.20000
1804                   97573.80000
1805                   97846.00000
1806                   98118.90000
1807                   98392.50000
1808                   98666.70000
1809                   98941.60000
1810                   99217.10000
1811                   99493.40000
1812                   99770.20000
1813                  100048.00000
1814                  100326.00000
1815                  100605.00000
1816                  100885.00000
1817                  101165.00000
1818                  101446.00000
1819                  101727.00000
1820                  102010.00000
1821                  102293.00000
1822                  102576.00000
1823                  102861.00000
1824                  103146.00000
1825                  103432.00000
1826                  103718.00000
1827                  104005.00000
1828                  104293.00000
1829                  104581.00000
1830                  104871.00000
1831                  105160.00000
1832                  105451.00000
1833                  105742.00000
1834                  106034.00000
1835                  106327.00000
1836                  106620.00000
1837                  106914.00000
1838                  107209.00000
1839                  107505.00000
1840                  107801.00000
1841                  108098.00000
1842                  108396.00000
1843                  108694.00000
1844                  108993.00000
1845                  109293.00000
1846                  109593.00000
1847                  109894.00000
1848                  110196.00000
1849                  110499.00000
1850                  110802.00000
1851                  111106.00000
1852                  111411.00000
1853                  111717.00000
1854                  112023.00000
1855                  112330.00000
1856                  112638.00000
1857                  112946.00000
1858                  113255.00000
1859                  113565.00000
1860                  113876.00000
1861                  114187.00000
1862                  114499.00000
1863                  114812.00000
1864                  115126.00000
1865                  115440.00000
1866                  115755.00000
1867                  116071.00000
1868                  116387.00000
1869                  116705.00000
1870                  117023.00000
1871                  117341.00000
1872                  117661.00000
1873                  117981.00000
1874                  118302.00000
1875                  118624.00000
1876                  118947.00000
1877                  119270.00000
1878                  119594.00000
1879                  119919.00000
1880                  120244.00000
1881                  120571.00000
1882                  120898.00000
1883                  121226.00000
1884                  121554.00000
1885                  121884.00000
1886                  122214.00000
1887                  122545.00000
1888                  122877.00000
1889                  123209.00000
1890                  123543.00000
1891                  123877.00000
1892                  124211.00000
1893                  124547.00000
1894                  124883.00000
1895                  125221.00000
1896                  125559.00000
1897                  125897.00000
1898                  126237.00000
1899                  126577.00000
1900                  126918.00000
1901                  127260.00000
1902                  127603.00000
1903                  127946.00000
1904                  128291.00000
1905                  128636.00000
1906                  128981.00000
1907                  129328.00000
1908                  129676.00000
1909                  130024.00000
1910                  130373.00000
1911                  130723.00000
1912                  131073.00000
1913                  131425.00000
1914                  131777.00000
1915                  132130.00000
1916                  132484.00000
1917                  132839.00000
1918                  133194.00000
1919                  133551.00000
1920                  133908.00000
1921                  134266.00000
1922                  134625.00000
1923                  134984.00000
1924                  135345.00000
1925                  135706.00000
1926                  136068.00000
1927                  136431.00000
1928                  136795.00000
1929                  137159.00000
1930                  137525.00000
1931                  137891.00000
1932                  138258.00000
1933                  138626.00000
1934                  138995.00000
1935                  139364.00000
1936                  139735.00000
1937                  140106.00000
1938                  140478.00000
1939                  140851.00000
1940                  141225.00000
1941                  141600.00000
1942                  141975.00000
1943                  142351.00000
1944                  142729.00000
1945                  143107.00000
1946                  143485.00000
1947                  143865.00000
1948                  144246.00000
1949                  144627.00000
1950                  145010.00000
1951                  145393.00000
1952                  145777.00000
1953                  146162.00000
1954                  146548.00000
1955                  146934.00000
1956                  147322.00000
1957                  147710.00000
1958                  148099.00000
1959                  148489.00000
1960                  148880.00000
1961                  149272.00000
1962                  149665.00000
1963                  150059.00000
1964                  150453.00000
1965                  150849.00000
1966                  151245.00000
1967                  151642.00000
1968                  152040.00000
1969                  152439.00000
1970                  152839.00000
1971                  153240.00000
1972                  153641.00000
1973                  154044.00000
1974                  154447.00000
1975                  154851.00000
1976                  155257.00000
1977                  155663.00000
1978                  156070.00000
1979                  156477.00000
1980                  156886.00000
1981                  157296.00000
1982                  157707.00000
1983                  158118.00000
1984                  158531.00000
1985                  158944.00000
1986                  159358.00000
1987                  159773.00000
1988                  160189.00000
1989                  160606.00000
1990                  161024.00000
1991                  161443.00000
1992                  161863.00000
1993                  162284.00000
1994                  162705.00000
1995                  163128.00000
1996                  163551.00000
1997                  163975.00000
1998                  164401.00000
1999                  164827.00000
2000                  165254.00000
2001                  165682.00000
2002                  166111.00000
2003                  166541.00000
2004                  166972.00000
2005                  167404.00000
2006                  167837.00000
2007                  168271.00000
2008                  168705.00000
2009                  169141.00000
2010                  169578.00000
2011                  170015.00000
2012                  170454.00000
2013                  170893.00000
2014                  171334.00000
2015                  171775.00000
2016                  172217.00000
2017                  172661.00000
2018                  173105.00000
2019                  173550.00000
2020                  173996.00000
2021                  174443.00000
2022                  174892.00000
2023                  175341.00000
2024                  175791.00000
2025                  176242.00000
2026                  176694.00000
2027                  177147.00000
2028                  177601.00000
2029                  178056.00000
2030                  178511.00000
2031                  178968.00000
2032                  179426.00000
2033                  179885.00000
2034                  180345.00000
2035                  180806.00000
2036                  181268.00000
2037                  181730.00000
2038                  182194.00000
2039                  182659.00000
2040                  183125.00000
2041                  183591.00000
2042                  184059.00000
2043                  184528.00000
2044                  184998.00000
2045                  185469.00000
2046                  185940.00000
2047                  186413.00000
2048                  186887.00000
2049                  187362.00000
2050                  187838.00000
2051                  188314.00000
2052                  188792.00000
2053                  189271.00000
2054                  189751.00000
2055                  190232.00000
2056                  190714.00000
2057                  191197.00000
2058                  191681.00000
2059                  192166.00000
2060                  192652.00000
2061                  193139.00000
2062                  193627.00000
2063                  194116.00000
2064                  194606.00000
2065                  195097.00000
2066                  195589.00000
2067                  196083.00000
2068                  196577.00000
2069                  197072.00000
2070                  197569.00000
2071                  198066.00000
2072                  198564.00000
2073                  199064.00000
2074                  199565.00000
2075                  200066.00000
2076                  200569.00000
2077                  201072.00000
2078                  201577.00000
2079                  202083.00000
2080                  202590.00000
2081                  203098.00000
2082                  203607.00000
2083                  204117.00000
2084                  204628.00000
2085                  205140.00000
2086                  205653.00000
2087                  206168.00000
2088                  206683.00000
2089                  207200.00000
2090                  207717.00000
2091                  208236.00000
2092                  208756.00000
2093                  209276.00000
2094                  209798.00000
2095                  210321.00000
2096                  210845.00000
2097                  211370.00000
2098                  211896.00000
2099                  212424.00000
2100                  212952.00000
2101                  213482.00000
2102                  214012.00000
2103                  214544.00000
2104                  215076.00000
2105                  215610.00000
2106                  216145.00000
2107                  216681.00000
2108                  217218.00000
2109                  217757.00000
2110                  218296.00000
2111                  218837.00000
2112                  219378.00000
2113                  219921.00000
2114                  220465.00000
2115                  221010.00000
2116                  221556.00000
2117                  222103.00000
2118                  222651.00000
2119                  223200.00000
2120                  223751.00000
2121                  224303.00000
2122                  224855.00000
2123                  225409.00000
2124                  225964.00000
2125                  226520.00000
2126                  227078.00000
2127                  227636.00000
2128                  228196.00000
2129                  228756.00000
2130                  229318.00000
2131                  229881.00000
2132                  230445.00000
2133                  231011.00000
2134                  231577.00000
2135                  232145.00000
2136                  232713.00000
2137                  233283.00000
2138                  233854.00000
2139                  234426.00000
2140                  235000.00000
2141                  235574.00000
2142                  236150.00000
2143                  236726.00000
2144                  237304.00000
2145                  237884.00000
2146                  238464.00000
2147                  239045.00000
2148                  239628.00000
2149                  240212.00000
2150                  240797.00000
2151                  241383.00000
2152                  241970.00000
2153                  242559.00000
2154                  243148.00000
2155                  243739.00000
2156                  244331.00000
2157                  244924.00000
2158                  245519.00000
2159                  246114.00000
2160                  246711.00000
2161                  247309.00000
2162                  247908.00000
2163                  248509.00000
2164                  249110.00000
2165                  249713.00000
2166                  250317.00000
2167                  250922.00000
2168                  251528.00000
2169                  252136.00000
2170                  252745.00000
2171                  253355.00000
2172                  253966.00000
2173                  254578.00000
2174                  255192.00000
2175                  255806.00000
2176                  256423.00000
2177                  257040.00000
2178                  257658.00000
2179                  258278.00000
2180                  258899.00000
2181                  259521.00000
2182                  260144.00000
2183                  260769.00000
2184                  261395.00000
2185                  262022.00000
2186                  262650.00000
2187                  263280.00000
2188                  263910.00000
2189                  264542.00000
2190                  265175.00000
2191                  265810.00000
2192                  266446.00000
2193                  267083.00000
2194                  267721.00000
2195                  268360.00000
2196                  269001.00000
2197                  269643.00000
2198                  270286.00000
2199                  270930.00000
2200                  271576.00000
2201                  272223.00000
2202                  272871.00000
2203                  273521.00000
2204                  274172.00000
2205                  274824.00000
2206                  275477.00000
2207                  276131.00000
2208                  276787.00000
2209                  277444.00000
2210                  278103.00000
2211                  278762.00000
2212                  279423.00000
2213                  280085.00000
2214                  280749.00000
2215                  281414.00000
2216                  282080.00000
2217                  282747.00000
2218                  283416.00000
2219                  284086.00000
2220                  284757.00000
2221                  285429.00000
2222                  286103.00000
2223                  286778.00000
2224                  287454.00000
2225                  288132.00000
2226                  288811.00000
2227                  289491.00000
2228                  290173.00000
2229                  290856.00000
2230                  291540.00000
2231                  292226.00000
2232                  292912.00000
2233                  293600.00000
2234                  294290.00000
2235                  294981.00000
2236                  295673.00000
2237                  296366.00000
2238                  297061.00000
2239                  297757.00000
2240                  298454.00000
2241                  299153.00000
2242                  299853.00000
2243                  300554.00000
2244                  301257.00000
2245                  301961.00000
2246                  302666.00000
2247                  303373.00000
2248                  304081.00000
2249                  304790.00000
2250                  305501.00000
2251                  306213.00000
2252                  306927.00000
2253                  307641.00000
2254                  308357.00000
2255                  309075.00000
2256                  309794.00000
2257                  310514.00000
2258                  311235.00000
2259                  311958.00000
2260                  312682.00000
2261                  313408.00000
2262                  314135.00000
2263                  314863.00000
2264                  315593.00000
2265                  316324.00000
2266                  317056.00000
2267                  317790.00000
2268                  318525.00000
2269                  319262.00000
2270                  320000.00000
2271                  320739.00000
2272                  321480.00000
2273                  322222.00000
2274                  322965.00000
2275                  323710.00000
2276                  324456.00000
2277                  325204.00000
2278                  325953.00000
2279                  326703.00000
2280                  327455.00000
2281                  328208.00000
2282                  328963.00000
2283                  329719.00000
2284                  330476.00000
2285                  331235.00000
2286                  331995.00000
2287                  332757.00000
2288                  333520.00000
2289                  334284.00000
2290                  335050.00000
2291                  335817.00000
2292                  336586.00000
2293                  337356.00000
2294                  338128.00000
2295                  338901.00000
2296                  339675.00000
2297                  340451.00000
2298                  341228.00000
2299                  342007.00000
2300                  342787.00000
2301                  343568.00000
2302                  344351.00000
2303                  345135.00000
2304                  345921.00000
2305                  346708.00000
2306                  347497.00000
2307                  348287.00000
2308                  349079.00000
2309                  349872.00000
2310                  350666.00000
2311                  351462.00000
2312                  352259.00000
2313                  353058.00000
2314                  353859.00000
2315                  354660.00000
2316                  355463.00000
2317                  356268.00000
2318                  357074.00000
2319                  357882.00000
2320                  358691.00000
2321                  359501.00000
2322                  360313.00000
2323                  361127.00000
2324                  361942.00000
2325                  362758.00000
2326                  363576.00000
2327                  364395.00000
2328                  365216.00000
2329                  366038.00000
2330                  366862.00000
2331                  367687.00000
2332                  368514.00000
2333                  369342.00000
2334                  370172.00000
2335                  371003.00000
2336                  371836.00000
2337                  372670.00000
2338                  373506.00000
2339                  374343.00000
2340                  375182.00000
2341                  376022.00000
2342                  376864.00000
2343                  377707.00000
2344                  378552.00000
2345                  379398.00000
2346                  380246.00000
2347                  381095.00000
2348                  381946.00000
2349                  382798.00000
2350                  383652.00000
2351                  384507.00000
2352                  385364.00000
2353                  386223.00000
2354                  387083.00000
2355                  387944.00000
2356                  388807.00000
2357                  389672.00000
2358                  390538.00000
2359                  391405.00000
2360                  392274.00000
2361                  393145.00000
2362                  394017.00000
2363                  394891.00000
2364                  395766.00000
2365                  396643.00000
2366                  397522.00000
2367                  398401.00000
2368                  399283.00000
2369                  400166.00000
2370                  401051.00000
2371                  401937.00000
2372                  402824.00000
2373                  403714.00000
2374                  404605.00000
2375                  405497.00000
2376                  406391.00000
2377                  407286.00000
2378                  408184.00000
2379                  409082.00000
2380                  409983.00000
2381                  410884.00000
2382                  411788.00000
2383                  412693.00000
2384                  413599.00000
2385                  414507.00000
2386                  415417.00000
2387                  416329.00000
2388                  417241.00000
2389                  418156.00000
2390                  419072.00000
2391                  419990.00000
2392                  420909.00000
2393                  421830.00000
2394                  422752.00000
2395                  423676.00000
2396                  424602.00000
2397                  425529.00000
2398                  426458.00000
2399                  427389.00000
2400                  428321.00000
2401                  429255.00000
2402                  430190.00000
2403                  431127.00000
2404                  432065.00000
2405                  433006.00000
2406                  433947.00000
2407                  434891.00000
2408                  435836.00000
2409                  436783.00000
2410                  437731.00000
2411                  438681.00000
2412                  439632.00000
2413                  440586.00000
2414                  441540.00000
2415                  442497.00000
2416                  443455.00000
2417                  444415.00000
2418                  445376.00000
2419                  446339.00000
2420                  447304.00000
2421                  448270.00000
2422                  449238.00000
2423                  450208.00000
2424                  451179.00000
2425                  452152.00000
2426                  453127.00000
2427                  454103.00000
2428                  455081.00000
2429                  456060.00000
2430                  457042.00000
2431                  458025.00000
2432                  459009.00000
2433                  459995.00000
2434                  460983.00000
2435                  461973.00000
2436                  462964.00000
2437                  463957.00000
2438                  464952.00000
2439                  465948.00000
2440                  466946.00000
2441                  467946.00000
2442                  468947.00000
2443                  469950.00000
2444                  470955.00000
2445                  471961.00000
2446                  472970.00000
2447                  473979.00000
2448                  474991.00000
2449                  476004.00000
2450                  477019.00000
2451                  478036.00000
2452                  479054.00000
2453                  480074.00000
2454                  481096.00000
2455                  482119.00000
2456                  483145.00000
2457                  484171.00000
2458                  485200.00000
2459                  486230.00000
2460                  487262.00000
2461                  488296.00000
2462                  489332.00000
2463                  490369.00000
2464                  491408.00000
2465                  492449.00000
2466                  493491.00000
2467                  494535.00000
2468                  495581.00000
2469                  496629.00000
2470                  497678.00000
2471                  498729.00000
2472                  499782.00000
2473                  500836.00000
2474                  501893.00000
2475                  502951.00000
2476                  504011.00000
2477                  505072.00000
2478                  506136.00000
2479                  507201.00000
2480                  508267.00000
2481                  509336.00000
2482                  510406.00000
2483                  511479.00000
2484                  512552.00000
2485                  513628.00000
2486                  514705.00000
2487                  515785.00000
2488                  516866.00000
2489                  517948.00000
2490                  519033.00000
2491                  520119.00000
2492                  521207.00000
2493                  522297.00000
2494                  523389.00000
2495                  524482.00000
2496                  525577.00000
2497                  526674.00000
2498                  527773.00000
2499                  528874.00000
2500                  529976.00000