== Table 5 check values with the published g0, g1 ==
T=216.592 p=517950 g      table -1.447007522e+03 computed -1.447007521518e+03 rel -3.332e-10
T=216.592 p=517950 v      table 2.848595255e-05 computed 2.848595254683e-05 rel -1.113e-10
T=216.592 p=517950 s      table -1.803247012e+01 computed -1.803247012357e+01 rel 1.982e-10
T=216.592 p=517950 cp     table 5.913420271e+01 computed 5.913420271324e+01 rel 5.478e-11
T=216.592 p=517950 alpha  table 8.127788321e-04 computed 8.127788321061e-04 rel 7.488e-12
T=216.592 p=517950 kappa  table 2.813585169e-10 computed 2.813585169014e-10 rel 4.862e-12
T=100.000 p=100000000 g      table -2.961795962e+03 computed -2.961795962212e+03 rel 7.157e-11
T=100.000 p=100000000 v      table 2.614596591e-05 computed 2.614596590611e-05 rel -1.490e-10
T=100.000 p=100000000 s      table -5.623154438e+01 computed -5.623154437761e+01 rel -4.253e-11
T=100.000 p=100000000 cp     table 3.911045710e+01 computed 3.911045710292e+01 rel 7.462e-11
T=100.000 p=100000000 alpha  table 3.843376525e-04 computed 3.843376524847e-04 rel -3.981e-11
T=100.000 p=100000000 kappa  table 1.149061787e-10 computed 1.149061786540e-10 rel -4.002e-10
v(T0, p0) 2.7186286578e-05 vs v0 2.71862860e-05 rel 2.126e-08
== Oracle (Span-Wagner via CoolProp CarbonDioxide.json) anchoring, dH_fus = 8875.0 ==
liquid at triple point: mu -1446.962169 h 3522.347318 s 22.94318113 v 3.734510e-05
g0 -2.63851187 (published -2.6385478, diff 3.593e-05)  g1 4.50887417 (published 4.5088732, diff 9.680e-07)
oracle vapour-liquid mu difference at (Tt, pt): -0.045338 J/mol
T  p_calc  p_SW  dp=p_SW-p_calc(Pa)  unc  |dp|/unc  rel%  vs_Trusler48%  vs_FS%
 80.0000   5.665421e-06   2.169482e-06     -0.000    50  0.000  161.1416       NaN    2.9200
 82.0000   1.531699e-05   6.380191e-06     -0.000    50  0.000  140.0710       NaN    2.7921
 84.0000   3.947534e-05   1.776643e-05     -0.000    50  0.000  122.1907       NaN    2.6680
 86.0000   9.730448e-05   4.702557e-05     -0.000    50  0.000  106.9182       NaN    2.5488
 88.0000   2.300949e-04   1.187303e-04     -0.000    50  0.000   93.7963       NaN    2.4357
 90.0000   5.234139e-04   2.868621e-04     -0.000    50  0.000   82.4618       NaN    2.3293
 92.0000   1.148261e-03   6.651791e-04     -0.000    50  0.000   72.6244       NaN    2.2303
 94.0000   2.434973e-03   1.484292e-03     -0.001    50  0.000   64.0495       NaN    2.1389
 96.0000   5.001767e-03   3.195068e-03     -0.002    50  0.000   56.5465       NaN    2.0554
 98.0000   9.971756e-03   6.649654e-03     -0.003    50  0.000   49.9590       NaN    1.9798
100.0000   1.932924e-02   1.340837e-02     -0.006    50  0.000   44.1580       NaN    1.9119
102.0000   3.648955e-02   2.624461e-02     -0.010    50  0.000   39.0364       NaN    1.8515
104.0000   6.718826e-02   4.995247e-02     -0.017    50  0.000   34.5044       NaN    1.7983
106.0000   1.208371e-01   9.260498e-02     -0.028    50  0.001   30.4867       NaN    1.7518
108.0000   2.125473e-01   1.674664e-01     -0.045    50  0.001   26.9194       NaN    1.7116
110.0000   3.660867e-01   2.958316e-01     -0.070    50  0.001   23.7483       NaN    1.6771
112.0000   6.181202e-01   5.111514e-01     -0.107    50  0.002   20.9270       NaN    1.6477
114.0000   1.024180e+00   8.649032e-01     -0.159    50  0.003   18.4156       NaN    1.6230
116.0000   1.666925e+00   1.434786e+00     -0.232    50  0.005   16.1794       NaN    1.6022
118.0000   2.667390e+00   2.335953e+00     -0.331    50  0.007   14.1885       NaN    1.5847
120.0000   4.200057e+00   3.736143e+00     -0.464    50  0.009   12.4169       NaN    1.5699
122.0000   6.512768e+00   5.875745e+00     -0.637    50  0.013   10.8416       NaN    1.5572
124.0000   9.952667e+00   9.093986e+00     -0.859    50  0.017    9.4423       NaN    1.5460
126.0000   1.499955e+01   1.386264e+01     -1.137    50  0.023    8.2013       NaN    1.5357
128.0000   2.230818e+01   2.082879e+01     -1.479    50  0.030    7.1026       NaN    1.5258
130.0000   3.276142e+01   3.086851e+01     -1.893    50  0.038    6.1322       NaN    1.5156
132.0000   4.753605e+01   4.515319e+01     -2.383    50  0.048    5.2773       NaN    1.5047
134.0000   6.818360e+01   6.523092e+01     -2.953    50  0.059    4.5265       NaN    1.4927
136.0000   9.672841e+01   9.312487e+01     -3.604    50  0.072    3.8696       NaN    1.4790
138.0000   1.357856e+02   1.314514e+02     -4.334    50  0.087    3.2972       NaN    1.4633
140.0000   1.887014e+02   1.835603e+02     -5.141    50  0.103    2.8008       NaN    1.4452
142.0000   2.597193e+02   2.536999e+02     -6.019    50  0.120    2.3726       NaN    1.4245
144.0000   3.541735e+02   3.472096e+02     -6.964    50  0.139    2.0057       NaN    1.4009
146.0000   4.787148e+02   4.707432e+02     -7.972    50  0.159    1.6934       NaN    1.3742
148.0000   6.415697e+02   6.325257e+02     -9.044    50  0.181    1.4298       NaN    1.3443
150.0000   8.528374e+02   8.426463e+02    -10.191    50  0.204    1.2094    0.8472    1.3111
152.0000   1.124827e+03   1.113391e+03    -11.436    50  0.229    1.0271    0.7894    1.2747
154.0000   1.472436e+03   1.459617e+03    -12.818    50  0.256    0.8782    0.7394    1.2350
156.0000   1.913579e+03   1.899178e+03    -14.402    50  0.288    0.7583    0.6959    1.1924
158.0000   2.469664e+03   2.453387e+03    -16.277    50  0.326    0.6634    0.6577    1.1469
160.0000   3.166115e+03   3.147548e+03    -18.567    50  0.371    0.5899    0.6236    1.0989
162.0000   4.032958e+03   4.011529e+03    -21.429    50  0.429    0.5342    0.5928    1.0488
164.0000   5.105459e+03   5.080402e+03    -25.057    50  0.501    0.4932    0.5641    0.9971
166.0000   6.424826e+03   6.395150e+03    -29.676    50  0.594    0.4640    0.5370    0.9444
168.0000   8.038969e+03   8.003429e+03    -35.540    50  0.711    0.4441    0.5107    0.8914
170.0000   1.000333e+04   9.960421e+03    -42.913   100  0.429    0.4308    0.4846    0.8389
172.0000   1.238180e+04   1.232975e+04    -52.056   100  0.521    0.4222    0.4584    0.7878
174.0000   1.524768e+04   1.518447e+04    -63.200   100  0.632    0.4162    0.4315    0.7390
176.0000   1.868472e+04   1.860821e+04    -76.511   100  0.765    0.4112    0.4039    0.6939
178.0000   2.278833e+04   2.269628e+04    -92.047   100  0.920    0.4056    0.3753    0.6535
180.0000   2.766676e+04   2.755705e+04   -109.714   100  1.097    0.3981    0.3457    0.6193
182.0000   3.344248e+04   3.331327e+04   -129.202   100  1.292    0.3878    0.3152    0.5929
184.0000   4.025362e+04   4.010369e+04   -149.935   100  1.499    0.3739    0.2839    0.5760
185.0000   4.409533e+04   4.393483e+04   -160.499   250  0.642    0.3653    0.2681    0.5716
186.0000   4.825563e+04   4.808462e+04   -171.004   250  0.684    0.3556    0.2522    0.5703
188.0000   5.762295e+04   5.743183e+04   -191.122   250  0.764    0.3328    0.2204    0.5781
190.0000   6.855102e+04   6.834244e+04   -208.582   250  0.834    0.3052    0.1889    0.6014
192.0000   8.125838e+04   8.103712e+04   -221.258   250  0.885    0.2730    0.1583    0.6427
193.0000   8.835449e+04   8.812946e+04   -225.031   250  0.900    0.2553    0.1436    0.6709
194.0000   9.598907e+04   9.576242e+04   -226.643   250  0.907    0.2367    0.1293    0.7047
194.6855   1.015516e+05   1.013253e+05   -226.317   250  0.905    0.2234    0.1198    0.7313
196.0000   1.130153e+05   1.127933e+05   -221.964   250  0.888    0.1968    0.1025   -0.3572
198.0000   1.326405e+05   1.324361e+05   -204.398   250  0.818    0.1543    0.0788   -0.3067
200.0000   1.552027e+05   1.550313e+05   -171.438   250  0.686    0.1106    0.0589   -0.2934
202.0000   1.810789e+05   1.809574e+05   -121.464   250  0.486    0.0671    0.0436   -0.3097
204.0000   2.106890e+05   2.106345e+05    -54.586   250  0.218    0.0259    0.0337   -0.3477
206.0000   2.445022e+05   2.445283e+05     26.137   250  0.105   -0.0107    0.0296   -0.3995
208.0000   2.830426e+05   2.831556e+05    112.999   250  0.452   -0.0399    0.0314   -0.4566
210.0000   3.268980e+05   3.270893e+05    191.336   250  0.765   -0.0585    0.0383   -0.5101
211.0000   3.510220e+05   3.512421e+05    220.102   250  0.880   -0.0627    0.0429   -0.5326
212.0000   3.767287e+05   3.769652e+05    236.547   250  0.946   -0.0628    0.0476   -0.5506
213.0000   4.041139e+05   4.043494e+05    235.476   250  0.942   -0.0582    0.0512   -0.5628
214.0000   4.332799e+05   4.334905e+05    210.686   250  0.843   -0.0486    0.0521   -0.5680
215.0000   4.643353e+05   4.644904e+05    155.046   250  0.620   -0.0334    0.0470   -0.5645
216.0000   4.973966e+05   4.974577e+05     61.139   250  0.245   -0.0123    0.0290   -0.5510
216.3000   5.077244e+05   5.077491e+05     24.668   250  0.099   -0.0049    0.0185   -0.5448
216.5000   5.147179e+05   5.147162e+05     -1.711   250  0.007    0.0003    0.0087   -0.5400
216.5920   5.179643e+05   5.179500e+05    -14.303   250  0.057    0.0028    0.0028   -0.5376
worst |dp|/uncertainty 1.499
melting: T  p_calc  p_SW  rel%(SW-calc)/SW  unc%  vs_Trusler47%
 216.600   5.549538e+05   5.553627e+05    0.0736  1.50   -0.2608
 216.700   1.017823e+06   1.023266e+06    0.5319  1.50   -1.8774
 217.000   2.409991e+06   2.429700e+06    0.8112  1.50   -2.9103
 217.500   4.742049e+06   4.782834e+06    0.8527  1.50   -3.1837
 218.000   7.088675e+06   7.147315e+06    0.8204  1.50   -3.2020
 219.000   1.182495e+07   1.191032e+07    0.7167  1.50   -3.0885
 220.000   1.661754e+07   1.671871e+07    0.6051  1.50   -2.9248
 222.000   2.636703e+07   2.647166e+07    0.3952  1.50   -2.5771
 225.000   4.138702e+07   4.144149e+07    0.1314  1.50   -2.0855
 230.000   6.742086e+07   6.729897e+07   -0.1811  0.50   -1.3893
 235.000   9.463615e+07   9.429115e+07   -0.3659  0.50   -0.8334
 240.000   1.229730e+08   1.224180e+08   -0.4534  0.50   -0.3923
 245.000   1.523874e+08   1.516796e+08   -0.4666  0.50   -0.0442
 250.000   1.828464e+08   1.820759e+08   -0.4232  0.50    0.2280
 255.000   2.143251e+08   2.136069e+08   -0.3362  0.50    0.4378
 260.000   2.468038e+08   2.462726e+08   -0.2157  0.50    0.5956
 265.000   2.802662e+08   2.800730e+08   -0.0690  0.50    0.7094
 270.000   3.146978e+08   3.150081e+08    0.0985  0.50    0.7851
worst |dp/p|/uncertainty 0.933
dh_sub(140.00 K, 188.701 Pa) = 26412.312 J/mol (target 25200, 4.811 %)
dh_sub(170.00 K, 10003.334 Pa) = 25850.967 J/mol (target 25200, 2.583 %)
dh_sub(194.67 K, 101422.791 Pa) = 25213.817 J/mol (target 25200, 0.055 %)
dh_sub(195.00 K, 104197.040 Pa) = 25203.349 J/mol (target 25200, 0.013 %)
== Oracle (Span-Wagner via CoolProp CarbonDioxide.json) anchoring, dH_fus = 9019.0 ==
liquid at triple point: mu -1446.962169 h 3522.347318 s 22.94318113 v 3.734510e-05
g0 -2.67401087 (published -2.6385478, diff -3.546e-02)  g1 4.58883649 (published 4.5088732, diff 7.996e-02)
oracle vapour-liquid mu difference at (Tt, pt): -0.045338 J/mol
T  p_calc  p_SW  dp=p_SW-p_calc(Pa)  unc  |dp|/unc  rel%  vs_Trusler48%  vs_FS%
 80.0000   4.942415e-06   2.169482e-06     -0.000    50  0.000  127.8154       NaN  -10.2144
 82.0000   1.343302e-05   6.380191e-06     -0.000    50  0.000  110.5426       NaN   -9.8512
 84.0000   3.479446e-05   1.776643e-05     -0.000    50  0.000   95.8439       NaN   -9.5061
 86.0000   8.617860e-05   4.702557e-05     -0.000    50  0.000   83.2590       NaN   -9.1767
 88.0000   2.047205e-04   1.187303e-04     -0.000    50  0.000   72.4248       NaN   -8.8607
 90.0000   4.677340e-04   2.868621e-04     -0.000    50  0.000   63.0518       NaN   -8.5563
 92.0000   1.030413e-03   6.651791e-04     -0.000    50  0.000   54.9076       NaN   -8.2618
 94.0000   2.193836e-03   1.484292e-03     -0.001    50  0.000   47.8036       NaN   -7.9759
 96.0000   4.523770e-03   3.195068e-03     -0.001    50  0.000   41.5860       NaN   -7.6976
 98.0000   9.052066e-03   6.649654e-03     -0.002    50  0.000   36.1284       NaN   -7.4258
100.0000   1.760864e-02   1.340837e-02     -0.004    50  0.000   31.3258       NaN   -7.1598
102.0000   3.335450e-02   2.624461e-02     -0.007    50  0.000   27.0908       NaN   -6.8992
104.0000   6.161655e-02   4.995247e-02     -0.012    50  0.000   23.3503       NaN   -6.6436
106.0000   1.111652e-01   9.260498e-02     -0.019    50  0.000   20.0424       NaN   -6.3925
108.0000   1.961274e-01   1.674664e-01     -0.029    50  0.001   17.1145       NaN   -6.1460
110.0000   3.387917e-01   2.958316e-01     -0.043    50  0.001   14.5218       NaN   -5.9039
112.0000   5.736445e-01   5.111514e-01     -0.062    50  0.001   12.2260       NaN   -5.6661
114.0000   9.530689e-01   8.649032e-01     -0.088    50  0.002   10.1937       NaN   -5.4329
116.0000   1.555256e+00   1.434786e+00     -0.120    50  0.002    8.3963       NaN   -5.2043
118.0000   2.495003e+00   2.335953e+00     -0.159    50  0.003    6.8088       NaN   -4.9805
120.0000   3.938239e+00   3.736143e+00     -0.202    50  0.004    5.4092       NaN   -4.7616
122.0000   6.121248e+00   5.875745e+00     -0.246    50  0.005    4.1782       NaN   -4.5480
124.0000   9.375796e+00   9.093986e+00     -0.282    50  0.006    3.0989       NaN   -4.3397
126.0000   1.416151e+01   1.386264e+01     -0.299    50  0.006    2.1560       NaN   -4.1371
128.0000   2.110708e+01   2.082879e+01     -0.278    50  0.006    1.3361       NaN   -3.9405
130.0000   3.106208e+01   3.086851e+01     -0.194    50  0.004    0.6271       NaN   -3.7500
132.0000   4.516140e+01   4.515319e+01     -0.008    50  0.000    0.0182       NaN   -3.5659
134.0000   6.490444e+01   6.523092e+01      0.326    50  0.007   -0.5005       NaN   -3.3884
136.0000   9.225154e+01   9.312487e+01      0.873    50  0.017   -0.9378       NaN   -3.2178
138.0000   1.297401e+02   1.314514e+02      1.711    50  0.034   -1.3018       NaN   -3.0541
140.0000   1.806234e+02   1.835603e+02      2.937    50  0.059   -1.6000       NaN   -2.8975
142.0000   2.490342e+02   2.536999e+02      4.666    50  0.093   -1.8391       NaN   -2.7482
144.0000   3.401777e+02   3.472096e+02      7.032    50  0.141   -2.0253       NaN   -2.6061
146.0000   4.605547e+02   4.707432e+02     10.189    50  0.204   -2.1644       NaN   -2.4714
148.0000   6.182204e+02   6.325257e+02     14.305    50  0.286   -2.2616       NaN   -2.3440
150.0000   8.230801e+02   8.426463e+02     19.566    50  0.391   -2.3220   -2.6716   -2.2238
152.0000   1.087226e+03   1.113391e+03     26.165    50  0.523   -2.3500   -2.5798   -2.1107
154.0000   1.425317e+03   1.459617e+03     34.300    50  0.686   -2.3500   -2.4843   -2.0045
156.0000   1.855008e+03   1.899178e+03     44.169    50  0.883   -2.3257   -2.3862   -1.9049
158.0000   2.397427e+03   2.453387e+03     55.960    50  1.119   -2.2809   -2.2865   -1.8116
160.0000   3.077704e+03   3.147548e+03     69.844    50  1.397   -2.2190   -2.1862   -1.7242
162.0000   3.925559e+03   4.011529e+03     85.970    50  1.719   -2.1431   -2.0861   -1.6422
164.0000   4.975948e+03   5.080402e+03    104.454    50  2.089   -2.0560   -1.9869   -1.5649
166.0000   6.269771e+03   6.395150e+03    125.379    50  2.508   -1.9605   -1.8893   -1.4917
168.0000   7.854643e+03   8.003429e+03    148.787    50  2.976   -1.8590   -1.7939   -1.4219
170.0000   9.785739e+03   9.960421e+03    174.682   100  1.747   -1.7538   -1.7011   -1.3545
172.0000   1.212671e+04   1.232975e+04    203.036   100  2.030   -1.6467   -1.6113   -1.2887
174.0000   1.495068e+04   1.518447e+04    233.795   100  2.338   -1.5397   -1.5247   -1.2232
176.0000   1.834131e+04   1.860821e+04    266.897   100  2.669   -1.4343   -1.4415   -1.1568
178.0000   2.239399e+04   2.269628e+04    302.289   100  3.023   -1.3319   -1.3616   -1.0883
180.0000   2.721709e+04   2.755705e+04    339.953   100  3.400   -1.2336   -1.2852   -1.0160
182.0000   3.293334e+04   3.331327e+04    379.929   100  3.799   -1.1405   -1.2120   -0.9385
184.0000   3.968134e+04   4.010369e+04    422.348   100  4.223   -1.0531   -1.1418   -0.8539
185.0000   4.349029e+04   4.393483e+04    444.542   250  1.778   -1.0118   -1.1077   -0.8083
186.0000   4.761718e+04   4.808462e+04    467.445   250  1.870   -0.9721   -1.0742   -0.7603
188.0000   5.691625e+04   5.743183e+04    515.576   250  2.062   -0.8977   -1.0087   -0.6554
190.0000   6.777524e+04   6.834244e+04    567.198   250  2.269   -0.8299   -0.9449   -0.5371
192.0000   8.041430e+04   8.103712e+04    622.823   250  2.491   -0.7686   -0.8821   -0.4027
193.0000   8.747717e+04   8.812946e+04    652.288   250  2.609   -0.7401   -0.8508   -0.3287
194.0000   9.507951e+04   9.576242e+04    682.913   250  2.732   -0.7131   -0.8195   -0.2495
194.6855   1.006207e+05   1.013253e+05    704.588   250  2.818   -0.6954   -0.7980   -0.1921
196.0000   1.120456e+05   1.127933e+05    747.690   250  2.991   -0.6629   -0.7564   -1.2121
198.0000   1.316192e+05   1.324361e+05    816.835   250  3.267   -0.6168   -0.6918   -1.0742
200.0000   1.541423e+05   1.550313e+05    889.023   250  3.556   -0.5734   -0.6248   -0.9746
202.0000   1.799962e+05   1.809574e+05    961.235   250  3.845   -0.5312   -0.5546   -0.9057
204.0000   2.096067e+05   2.106345e+05   1027.766   250  4.111   -0.4879   -0.4802   -0.8597
206.0000   2.434495e+05   2.445283e+05   1078.843   250  4.315   -0.4412   -0.4011   -0.8284
208.0000   2.820569e+05   2.831556e+05   1098.703   250  4.395   -0.3880   -0.3170   -0.8033
210.0000   3.260263e+05   3.270893e+05   1063.029   250  4.252   -0.3250   -0.2285   -0.7754
211.0000   3.502285e+05   3.512421e+05   1013.623   250  4.054   -0.2886   -0.1833   -0.7574
212.0000   3.760296e+05   3.769652e+05    935.620   250  3.742   -0.2482   -0.1381   -0.7351
213.0000   4.035274e+05   4.043494e+05    822.002   250  3.288   -0.2033   -0.0940   -0.7072
214.0000   4.328260e+05   4.334905e+05    664.558   250  2.658   -0.1533   -0.0527   -0.6721
215.0000   4.640364e+05   4.644904e+05    453.945   250  1.816   -0.0977   -0.0174   -0.6285
216.0000   4.972774e+05   4.974577e+05    180.301   250  0.721   -0.0362    0.0051   -0.5748
216.3000   5.076644e+05   5.077491e+05     84.684   250  0.339   -0.0167    0.0067   -0.5565
216.5000   5.146987e+05   5.147162e+05     17.463   250  0.070   -0.0034    0.0050   -0.5437
216.5920   5.179643e+05   5.179500e+05    -14.303   250  0.057    0.0028    0.0028   -0.5376
worst |dp|/uncertainty 4.395
melting: T  p_calc  p_SW  rel%(SW-calc)/SW  unc%  vs_Trusler47%
 216.600   5.555543e+05   5.553627e+05   -0.0345  1.50   -0.1529
 216.700   1.025946e+06   1.023266e+06   -0.2619  1.50   -1.0943
 217.000   2.440865e+06   2.429700e+06   -0.4595  1.50   -1.6665
 217.500   4.811448e+06   4.782834e+06   -0.5983  1.50   -1.7668
 218.000   7.197348e+06   7.147315e+06   -0.7000  1.50   -1.7180
 219.000   1.201438e+07   1.191032e+07   -0.8737  1.50   -1.5360
 220.000   1.689061e+07   1.671871e+07   -1.0282  1.50   -1.3296
 222.000   2.681579e+07   2.647166e+07   -1.3000  1.50   -0.9190
 225.000   4.211960e+07   4.144149e+07   -1.6363  1.50   -0.3523
 230.000   6.867801e+07   6.729897e+07   -2.0491  0.50    0.4494
 235.000   9.647954e+07   9.429115e+07   -2.3209  0.50    1.0982
 240.000   1.254622e+08   1.224180e+08   -2.4867  0.50    1.6240
 245.000   1.555808e+08   1.516796e+08   -2.5720  0.50    2.0505
 250.000   1.868016e+08   1.820759e+08   -2.5955  0.50    2.3961
 255.000   2.190992e+08   2.136069e+08   -2.5712  0.50    2.6751
 260.000   2.524535e+08   2.462726e+08   -2.5098  0.50    2.8984
 265.000   2.868476e+08   2.800730e+08   -2.4189  0.50    3.0743
 270.000   3.222663e+08   3.150081e+08   -2.3041  0.50    3.2090
worst |dp/p|/uncertainty 5.191
dh_sub(140.00 K, 180.623 Pa) = 26556.340 J/mol (target 25200, 5.382 %)
dh_sub(170.00 K, 9785.739 Pa) = 25995.352 J/mol (target 25200, 3.156 %)
dh_sub(194.67 K, 100492.361 Pa) = 25358.970 J/mol (target 25200, 0.631 %)
dh_sub(195.00 K, 103256.582 Pa) = 25348.509 J/mol (target 25200, 0.589 %)
== Pilot family (createcheme:pilot_cryogenic, PR78 translated, Soave, spine) anchoring, dH_fus = 8875.0 ==
anchor: mu_L -437397.037211 h_L -412054.036942; constants [-347.1671919286813, -6.804512319616027]
PR at (Tt, pt): liquid LIQUID vapour VAPOR; mu_V - mu_L 6.0372 J/mol (oracle -0.0453); h_V - h_L 15342.139 (oracle 15420.197, -0.506 %); v_L 3.694084e-05 (oracle 3.734510e-05, -1.082 %)
sublimation: T  p_pilot  p_SW  rel%_vs_SW  rel%_vs_FS  rel%_vs_Trusler48  dT_equiv(K)
 130.0000   3.537436e+01   3.086851e+01   14.5969    9.6122       NaN  -0.7046
 135.0000   8.719463e+01   7.805277e+01   11.7124    8.8164       NaN  -0.6223
 140.0000   2.010195e+02   1.835603e+02    9.5114    8.0674       NaN  -0.5529
 145.0000   4.364593e+02   4.047494e+02    7.8344    7.3525       NaN  -0.4956
 150.0000   8.978866e+02   8.426463e+02    6.5556    6.6627    6.1742  -0.4493
 155.0000   1.759371e+03   1.666486e+03    5.5737    5.9918    5.4711  -0.4121
 160.0000   3.298850e+03   3.147548e+03    4.8070    5.3373    4.8421  -0.3820
 165.0000   5.943173e+03   5.704229e+03    4.1889    4.7007    4.2647  -0.3566
 170.0000   1.032557e+04   9.960421e+03    3.6660    4.0873    3.7215  -0.3333
 175.0000   1.735716e+04   1.681955e+04    3.1964    3.5070    3.2006  -0.3095
 180.0000   2.831444e+04   2.755705e+04    2.7485    2.9748    2.6948  -0.2827
 185.0000   4.494566e+04   4.393483e+04    2.3007    2.5110    2.2017  -0.2507
 190.0000   6.960097e+04   6.834244e+04    1.8415    2.1422    1.7234  -0.2120
 194.6855   1.027429e+05   1.013253e+05    1.3990    1.9129    1.2943  -0.1692
 194.7000   1.028638e+05   1.014460e+05    1.3976    0.7536    1.2930  -0.1691
 195.0000   1.053947e+05   1.039713e+05    1.3690    0.7461    1.2663  -0.1661
 200.0000   1.564142e+05   1.550313e+05    0.8920    0.4849    0.8399  -0.1138
 205.0000   2.280016e+05   2.270232e+05    0.4310    0.0500    0.4550  -0.0576
 210.0000   3.271533e+05   3.270893e+05    0.0196   -0.4324    0.1164  -0.0027
 212.0000   3.765105e+05   3.769652e+05   -0.1206   -0.6082   -0.0104   0.0171
 214.0000   4.324437e+05   4.334905e+05   -0.2415   -0.7598   -0.1410   0.0349
 215.0000   4.631267e+05   4.644904e+05   -0.2936   -0.8233   -0.2134   0.0427
 216.0000   4.957673e+05   4.974577e+05   -0.3398   -0.8768   -0.2986   0.0498
 216.5920   5.160614e+05   5.179500e+05   -0.3646   -0.9030   -0.3646      NaN
worst |rel| vs SW 14.5969 %, vs FS 9.6122 %
melting: T  p_pilot  p_SW  rel%(pilot/SW-1)  (p-pt)_pilot/(p-pt)_SW-1 %  T_SW(p_pilot)-T (K)
 216.600   5.567247e+05   5.553627e+05    0.2453    3.6407   0.0003
 216.700   1.042024e+06   1.023266e+06    1.8332    3.7122   0.0040
 216.800   1.528461e+06   1.491624e+06    2.4696    3.7833   0.0079
 216.900   2.016030e+06   1.960435e+06    2.8359    3.8541   0.0119
 217.150   3.239885e+06   3.134449e+06    3.3638    4.0297   0.0224
 217.400   4.470740e+06   4.311300e+06    3.6982    4.2032   0.0338
 217.650   5.708537e+06   5.490987e+06    3.9619    4.3746   0.0460
 217.900   6.953221e+06   6.673511e+06    4.1913    4.5440   0.0590
 218.150   8.204739e+06   7.858872e+06    4.4010    4.7115   0.0728
 218.400   9.463040e+06   9.047070e+06    4.5978    4.8771   0.0874
T_melt(10 MPa): pilot 218.5063 K, SW 218.6001 K, diff -0.0938 K
dh_sub(140.00 K, 201.019 Pa) = 26208.807 J/mol (target 25200, 4.003 %) [vapour kind VAPOR]
dh_sub(170.00 K, 10325.572 Pa) = 25654.869 J/mol (target 25200, 1.805 %) [vapour kind VAPOR]
dh_sub(194.67 K, 102613.710 Pa) = 25049.923 J/mol (target 25200, -0.596 %) [vapour kind VAPOR]
dh_sub(195.00 K, 105394.692 Pa) = 25040.210 J/mol (target 25200, -0.634 %) [vapour kind VAPOR]
== Pilot family (createcheme:pilot_cryogenic, PR78 translated, Soave, spine) anchoring, dH_fus = 9019.0 ==
anchor: mu_L -437397.037211 h_L -412054.036942; constants [-347.20269093568277, -6.724549996060357]
PR at (Tt, pt): liquid LIQUID vapour VAPOR; mu_V - mu_L 6.0372 J/mol (oracle -0.0453); h_V - h_L 15342.139 (oracle 15420.197, -0.506 %); v_L 3.694084e-05 (oracle 3.734510e-05, -1.082 %)
sublimation: T  p_pilot  p_SW  rel%_vs_SW  rel%_vs_FS  rel%_vs_Trusler48  dT_equiv(K)
 130.0000   3.353950e+01   3.086851e+01    8.6528    3.9266       NaN  -0.4291
 135.0000   8.308072e+01   7.805277e+01    6.4417    3.6824       NaN  -0.3507
 140.0000   1.924145e+02   1.835603e+02    4.8236    3.4413       NaN  -0.2867
 145.0000   4.195605e+02   4.047494e+02    3.6593    3.1961       NaN  -0.2362
 150.0000   8.665615e+02   8.426463e+02    2.8381    2.9415    2.4700  -0.1980
 155.0000   1.704314e+03   1.666486e+03    2.2700    2.6749    2.1706  -0.1705
 160.0000   3.206762e+03   3.147548e+03    1.8813    2.3968    1.9155  -0.1516
 165.0000   5.796168e+03   5.704229e+03    1.6118    2.1109    1.6857  -0.1390
 170.0000   1.010112e+04   9.960421e+03    1.4126    1.8247    1.4669  -0.1299
 175.0000   1.702898e+04   1.681955e+04    1.2452    1.5499    1.2493  -0.1217
 180.0000   2.785482e+04   2.755705e+04    1.0806    1.3033    1.0278  -0.1120
 185.0000   4.432995e+04   4.393483e+04    0.8993    1.1067    0.8016  -0.0987
 190.0000   6.881494e+04   6.834244e+04    0.6914    0.9887    0.5746  -0.0801
 194.6855   1.018035e+05   1.013253e+05    0.4719    0.9811    0.3681  -0.0573
 194.7000   1.019240e+05   1.014460e+05    0.4712   -0.1669    0.3675  -0.0573
 195.0000   1.044459e+05   1.039713e+05    0.4565   -0.1608    0.3547  -0.0556
 200.0000   1.553490e+05   1.550313e+05    0.2049   -0.1994    0.1531  -0.0262
 205.0000   2.269297e+05   2.270232e+05   -0.0412   -0.4203   -0.0172   0.0055
 210.0000   3.262853e+05   3.270893e+05   -0.2458   -0.6966   -0.1492   0.0344
 212.0000   3.758157e+05   3.769652e+05   -0.3049   -0.7916   -0.1949   0.0434
 214.0000   4.319934e+05   4.334905e+05   -0.3454   -0.8632   -0.2450   0.0499
 215.0000   4.628304e+05   4.644904e+05   -0.3574   -0.8868   -0.2773   0.0520
 216.0000   4.956493e+05   4.974577e+05   -0.3635   -0.9004   -0.3224   0.0533
 216.5920   5.160614e+05   5.179500e+05   -0.3646   -0.9030   -0.3646      NaN
worst |rel| vs SW 8.6528 %, vs FS 3.9266 %
melting: T  p_pilot  p_SW  rel%(pilot/SW-1)  (p-pt)_pilot/(p-pt)_SW-1 %  T_SW(p_pilot)-T (K)
 216.600   5.573540e+05   5.553627e+05    0.3586    5.3225   0.0004
 216.700   1.050547e+06   1.023266e+06    2.6661    5.3988   0.0058
 216.800   1.544929e+06   1.491624e+06    3.5736    5.4747   0.0114
 216.900   2.040495e+06   1.960435e+06    4.0838    5.5502   0.0171
 217.150   3.284568e+06   3.134449e+06    4.7893    5.7374   0.0319
 217.400   4.535957e+06   4.311300e+06    5.2109    5.9224   0.0477
 217.650   5.794604e+06   5.490987e+06    5.5294    6.1053   0.0642
 217.900   7.060451e+06   6.673511e+06    5.7981    6.2860   0.0817
 218.150   8.333442e+06   7.858872e+06    6.0387    6.4647   0.0999
 218.400   9.613521e+06   9.047070e+06    6.2612    6.6414   0.1190
T_melt(10 MPa): pilot 218.4752 K, SW 218.6001 K, diff -0.1249 K
dh_sub(140.00 K, 192.414 Pa) = 26352.818 J/mol (target 25200, 4.575 %) [vapour kind VAPOR]
dh_sub(170.00 K, 10101.120 Pa) = 25799.084 J/mol (target 25200, 2.377 %) [vapour kind VAPOR]
dh_sub(194.67 K, 101674.775 Pa) = 25194.691 J/mol (target 25200, -0.021 %) [vapour kind VAPOR]
dh_sub(195.00 K, 104445.906 Pa) = 25184.984 J/mol (target 25200, -0.060 %) [vapour kind VAPOR]
== Trusler 2011 cross-check of the crystal's own properties (independent of g0, g1) ==
sublimation curve (at the SW sublimation pressure): T  v_JS  v_Trusler50  rel%  alpha_JS  alpha_Trusler50(dlnV/dT)  rel%  kappa_JS  cp_JS
  80.000 2.627439e-05 2.621511e-05   0.2261 3.85361e-04 3.97749e-04   -3.115 1.4033e-10  35.9354
 100.000 2.649269e-05 2.643908e-05   0.2027 4.42275e-04 4.50840e-04   -1.900 1.5184e-10  39.8123
 120.000 2.674377e-05 2.669108e-05   0.1974 5.01457e-04 4.97884e-04    0.718 1.6682e-10  43.0507
 140.000 2.702990e-05 2.697222e-05   0.2138 5.63122e-04 5.52230e-04    1.972 1.8508e-10  46.1783
 146.480 2.713050e-05 2.707075e-05   0.2207 5.83547e-04 5.73515e-04    1.749 1.9168e-10  47.2035
 160.000 2.735334e-05 2.729084e-05   0.2290 6.26739e-04 6.26423e-04    0.051 2.0645e-10  49.3807
 180.000 2.771619e-05 2.766240e-05   0.1945 6.91793e-04 7.31999e-04   -5.493 2.3070e-10  52.7116
 189.780 2.790847e-05 2.786992e-05   0.1383 7.23983e-04 7.98188e-04   -9.297 2.4351e-10  54.3892
 194.670 2.800832e-05 2.798142e-05   0.0961 7.40143e-04 8.35349e-04  -11.397 2.5014e-10  55.2394
 200.000 2.811997e-05 2.810952e-05   0.0372 7.57793e-04 8.79126e-04  -13.802 2.5751e-10  56.1744
 210.000 2.833727e-05 2.837045e-05  -0.1169 7.90948e-04 9.70940e-04  -18.538 2.7174e-10  57.9500
 216.592 2.848595e-05 2.855890e-05  -0.2554 8.12779e-04 1.03869e-03  -21.750 2.8136e-10  59.1342
secondary cp points (Giauque and Egan 1937 as quoted by the P2 r1 record): 146.48 K 47.11, 189.78 K 54.55 J/(mol K)
cp_JS(146.48) 47.2035 vs 47.11: 0.199 %
cp_JS(189.78) 54.3892 vs 54.55: -0.295 %
melting curve (at the SW melting pressure): T  p  v_JS  v_Trusler49  rel%
 216.592 5.1795e+05 2.848595e-05 2.855890e-05  -0.2554
 220.000 1.6719e+07 2.843639e-05 2.863086e-05  -0.6793
 230.000 6.7299e+07 2.828256e-05 2.884050e-05  -1.9346
 240.000 1.2242e+08 2.811645e-05 2.904791e-05  -3.2066
 250.000 1.8208e+08 2.793811e-05 2.925311e-05  -4.4952
 260.000 2.4627e+08 2.774742e-05 2.945613e-05  -5.8009
 270.000 3.1501e+08 2.754417e-05 2.965700e-05  -7.1242
